0 0 0 0 0 0 17 13 0 0 0 E A 3 1.26277762e+03 8.48000000e-04 10
0 0 0 1 0 -1 16 12 0 1 1 A E 3 2.20987093e+03 1.56100000e-03 3
0 0 0 0 0 0 16 13 0 0 0 E A 3 1.11297039e+03 1.00000000e-05 13
0 0 0 1 0 -1 15 12 0 1 1 A E 3 2.06656064e+03 1.56100000e-03 3
0 0 0 0 0 0 15 13 0 0 0 E A 3 9.71704221e+02 9.01000000e-04 13
0 0 0 1 0 -1 14 12 0 1 1 A E 3 1.93163340e+03 1.99800000e-03 2
0 0 0 0 0 0 16 11 0 0 0 E A 3 1.13828434e+03 9.27000000e-04 12
0 0 0 1 0 -1 15 10 0 1 1 E E 3 2.10004645e+03 1.99800000e-03 2
0 0 0 0 0 0 16 10 0 0 0 E A 3 1.14916886e+03 6.37000000e-04 19
0 0 0 1 0 -1 15 9 0 1 1 A E 3 2.11451076e+03 1.56100000e-03 4
0 0 0 0 0 0 15 11 0 0 0 E A 3 9.97272382e+02 1.00000000e-05 16
0 0 0 1 0 -1 14 10 0 1 1 E E 3 1.96591622e+03 1.00000000e-05 7
0 0 0 0 0 0 16 8 0 0 0 E A 3 1.16136519e+03 9.01000000e-04 14
0 0 0 1 0 -1 15 7 0 1 1 E E 3 2.13298729e+03 1.99900000e-03 3
0 0 0 0 0 0 15 10 0 0 0 E A 3 1.00826516e+03 8.02000000e-04 18
0 0 0 1 0 -1 14 9 0 1 1 A E 3 1.98068882e+03 1.23000000e-03 5
0 0 0 0 0 0 14 11 0 0 0 E A 3 8.64836258e+02 7.00000000e-06 26
0 0 0 1 0 -1 13 10 0 1 1 E E 3 1.84026842e+03 1.00000000e-05 6
0 0 0 0 0 0 14 10 0 0 0 E A 3 8.75932910e+02 6.23000000e-04 25
0 0 0 1 0 -1 13 9 0 1 1 A E 3 1.85536914e+03 1.15400000e-03 6
0 0 0 0 0 0 15 7 0 0 0 E A 3 1.02828246e+03 5.93000000e-04 21
0 0 0 1 0 -1 14 6 0 1 1 A E 3 2.01018052e+03 1.56100000e-03 4
0 0 0 0 0 0 13 11 0 0 0 E A 3 7.41021102e+02 3.07000000e-04 28
0 0 0 1 0 -1 12 10 0 1 1 E E 3 1.72313482e+03 1.99700000e-03 3
0 0 0 0 0 0 13 10 0 0 0 E A 3 7.52215542e+02 6.30000000e-04 26
0 0 0 1 0 -1 12 9 0 1 1 A E 3 1.73858662e+03 1.99500000e-03 4
0 0 0 0 0 0 14 8 0 0 0 E A 3 8.88485521e+02 6.42000000e-04 23
0 0 0 1 0 -1 13 7 0 1 1 E E 3 1.87490032e+03 1.99600000e-03 4
0 0 0 0 0 0 14 7 0 0 0 E A 3 8.96194897e+02 5.99000000e-04 24
0 0 0 1 0 -1 13 6 0 1 1 A E 3 1.88562853e+03 1.15400000e-03 6
0 0 0 0 0 0 13 8 0 0 0 E A 3 7.64933355e+02 5.98000000e-04 30
0 0 0 1 0 -1 12 7 0 1 1 E E 3 1.75867693e+03 1.15400000e-03 6
0 0 0 0 0 0 14 5 0 0 0 E A 3 9.08408096e+02 5.61000000e-04 31
0 0 0 1 0 -1 13 4 0 1 1 E E 3 1.90292476e+03 1.41400000e-03 4
0 0 0 0 0 0 11 11 0 0 0 E A 3 5.19414434e+02 2.57000000e-04 22
0 0 0 1 0 -1 10 10 0 1 1 E E 3 1.51453093e+03 8.94000000e-04 3
0 0 0 0 0 0 14 4 0 0 0 E A 3 9.12948854e+02 5.15000000e-04 28
0 0 0 1 0 -1 13 3 0 1 1 A E 3 1.90948813e+03 1.99800000e-03 3
0 0 0 0 0 0 13 7 0 0 0 E A 3 7.72710141e+02 5.24000000e-04 29
0 0 0 1 0 -1 12 6 0 1 1 A E 3 1.76964187e+03 1.41300000e-03 5
0 0 0 0 0 0 11 10 0 0 0 E A 3 5.30788999e+02 6.90000000e-05 33
0 0 0 1 0 -1 10 9 0 1 1 A E 3 1.53077970e+03 1.00000000e-04 3
0 0 0 0 0 0 12 8 0 0 0 E A 3 6.50027375e+02 1.00000000e-05 43
0 0 0 1 0 -1 11 7 0 1 1 E E 3 1.65105022e+03 1.41300000e-03 5
0 0 0 0 0 0 13 5 0 0 0 E A 3 7.85029676e+02 4.66000000e-04 33
0 0 0 1 0 -1 12 4 0 1 1 E E 3 1.78736199e+03 1.41300000e-03 5
0 0 0 0 0 0 12 7 0 0 0 E A 3 6.57868186e+02 1.00000000e-05 38
0 0 0 1 0 -1 11 6 0 1 1 A E 3 1.66225689e+03 1.00000000e-04 7
0 0 0 0 0 0 13 4 0 0 0 E A 3 7.89609940e+02 5.64000000e-04 31
0 0 0 1 0 -1 12 3 0 1 1 A E 3 1.79411527e+03 1.67000000e-03 4
0 0 0 0 0 0 13 2 0 0 0 E A 3 7.95684131e+02 5.97000000e-04 29
0 0 0 1 0 -1 12 1 0 1 1 E E 3 1.80329959e+03 1.99700000e-03 3
0 0 0 0 0 0 12 5 0 0 0 E A 3 6.70287946e+02 1.00000000e-05 40
0 0 0 1 0 -1 11 4 0 1 1 E E 3 1.68041171e+03 1.41300000e-03 5
0 0 0 0 0 0 17 4 0 0 0 E A 3 1.33436135e+03 8.77000000e-04 9
0 0 0 1 0 1 16 5 0 1 1 E E 3 2.34593758e+03 1.99800000e-03 2
0 0 0 0 0 0 11 7 0 0 0 E A 3 5.51707617e+02 1.88000000e-04 45
0 0 0 1 0 -1 10 6 0 1 1 A E 3 1.56351281e+03 1.15400000e-03 6
0 0 0 0 0 0 12 4 0 0 0 E A 3 6.74905814e+02 1.00000000e-05 42
0 0 0 1 0 -1 11 3 0 1 1 A E 3 1.68736383e+03 1.00000000e-04 6
0 0 0 1 0 1 15 12 0 1 1 A E 3 2.15283410e+03 1.41300000e-03 4
0 0 0 1 0 1 15 11 0 1 1 E E 3 2.16449273e+03 1.41300000e-03 4
0 0 0 0 0 0 10 8 0 0 0 E A 3 4.46307590e+02 1.99000000e-04 50
0 0 0 1 0 -1 9 7 0 1 1 E E 3 1.46175382e+03 1.41300000e-03 4
0 0 0 0 0 0 12 2 0 0 0 E A 3 6.81028845e+02 4.78000000e-04 36
0 0 0 1 0 -1 11 1 0 1 1 E E 3 1.69688915e+03 1.15400000e-03 5
0 0 0 0 0 0 16 4 0 0 0 E A 3 1.18536789e+03 8.77000000e-04 11
0 0 0 1 0 1 15 5 0 1 1 E E 3 2.20184008e+03 1.15400000e-03 6
0 0 0 0 0 0 16 7 0 0 0 E A 3 1.16892913e+03 8.47000000e-04 14
0 0 0 1 0 1 15 8 0 1 1 E E 3 2.18543429e+03 1.15400000e-03 6
0 0 0 0 0 0 11 5 0 0 0 E A 3 5.64220927e+02 9.30000000e-05 44
0 0 0 1 0 -1 10 4 0 1 1 E E 3 1.58210568e+03 1.15400000e-03 6
0 0 0 0 0 0 10 7 0 0 0 E A 3 4.54263847e+02 1.61000000e-04 52
0 0 0 1 0 -1 9 6 0 1 1 A E 3 1.47345091e+03 1.99500000e-03 4
0 0 0 1 0 1 14 12 0 1 1 A E 3 2.01717937e+03 1.39100000e-03 6
0 0 0 0 0 0 11 4 0 0 0 E A 3 5.68873673e+02 4.35000000e-04 41
0 0 0 1 0 -1 10 3 0 1 1 A E 3 1.58926720e+03 1.15400000e-03 5
0 0 0 0 0 0 15 2 0 0 0 E A 3 1.05084954e+03 8.03000000e-04 11
0 0 0 1 0 1 14 3 0 1 1 A E 3 2.07213265e+03 1.41300000e-03 4
0 0 0 0 0 0 15 4 0 0 0 E A 3 1.04488226e+03 7.45000000e-04 15
0 0 0 1 0 1 14 5 0 1 1 E E 3 2.06641439e+03 1.39200000e-03 5
0 0 0 1 0 1 14 8 0 1 1 E E 3 2.05004535e+03 1.39100000e-03 6
0 0 0 0 0 0 9 8 0 0 0 E A 3 3.57562961e+02 8.70000000e-05 46
0 0 0 1 0 -1 8 7 0 1 1 E E 3 1.38017722e+03 1.41300000e-03 4
0 0 0 0 0 0 11 2 0 0 0 E A 3 5.75043321e+02 1.00000000e-05 48
0 0 0 1 0 -1 10 1 0 1 1 E E 3 1.59915937e+03 1.41300000e-03 4
0 0 0 0 0 0 11 1 0 0 0 E A 3 5.76579311e+02 1.00000000e-05 42
0 0 0 1 0 1 10 0 0 1 1 A E 3 1.60172890e+03 1.41300000e-03 4
0 0 0 1 0 1 13 12 0 1 1 A E 3 1.89031269e+03 1.30900000e-03 6
0 0 0 0 0 0 10 5 0 0 0 E A 3 4.66864812e+02 1.00000000e-05 53
0 0 0 1 0 -1 9 4 0 1 1 E E 3 1.49247770e+03 1.41300000e-03 4
0 0 0 0 0 0 14 2 0 0 0 E A 3 9.18970780e+02 8.73000000e-04 19
0 0 0 1 0 1 13 3 0 1 1 A E 3 1.94533029e+03 1.41300000e-03 5
0 0 0 0 0 0 9 7 0 0 0 E A 3 3.65569909e+02 8.80000000e-05 46
0 0 0 1 0 -1 8 6 0 1 1 A E 3 1.39211898e+03 1.41300000e-03 5
0 0 0 1 0 1 13 5 0 1 1 E E 3 1.93972337e+03 1.30900000e-03 6
0 0 0 1 0 1 13 6 0 1 1 A E 3 1.93540881e+03 1.30900000e-03 6
0 0 0 1 0 1 13 9 0 1 1 A E 3 1.91554413e+03 1.30900000e-03 6
0 0 0 1 0 1 13 8 0 1 1 E E 3 1.92343459e+03 1.39100000e-03 6
0 0 0 0 0 0 10 4 0 0 0 E A 3 4.71549632e+02 1.00000000e-05 52
0 0 0 1 0 -1 9 3 0 1 1 A E 3 1.49984871e+03 1.41300000e-03 4
0 0 0 0 0 0 8 8 0 0 0 E A 3 2.77603451e+02 8.90000000e-05 35
0 0 0 1 0 -1 7 7 0 1 1 E E 3 1.30739079e+03 1.99800000e-03 2
0 0 0 1 0 1 12 5 0 1 1 E E 3 1.82183271e+03 1.15400000e-03 6
0 0 0 0 0 0 10 2 0 0 0 E A 3 4.77761919e+02 1.72000000e-04 52
0 0 0 1 0 -1 9 1 0 1 1 E E 3 1.51014782e+03 1.41300000e-03 4
0 0 0 1 0 1 12 6 0 1 1 A E 3 1.81757184e+03 1.15400000e-03 6
0 0 0 1 0 1 12 9 0 1 1 A E 3 1.79777276e+03 1.15400000e-03 6
0 0 0 0 0 0 9 5 0 0 0 E A 3 3.78251074e+02 1.42000000e-04 60
0 0 0 1 0 -1 8 4 0 1 1 E E 3 1.41156611e+03 1.41300000e-03 5
0 0 0 0 0 0 10 1 0 0 0 E A 3 4.79308884e+02 1.86000000e-04 51
0 0 0 1 0 1 9 0 0 1 1 A E 3 1.51287338e+03 1.99700000e-03 3
0 0 0 0 0 0 8 7 0 0 0 E A 3 2.85656671e+02 8.40000000e-05 48
0 0 0 1 0 -1 7 6 0 1 1 A E 3 1.31957098e+03 1.99700000e-03 3
0 0 0 0 0 0 9 4 0 0 0 E A 3 3.82965980e+02 1.48000000e-04 64
0 0 0 1 0 -1 8 3 0 1 1 A E 3 1.41914124e+03 1.41300000e-03 4
0 0 0 0 0 0 12 1 0 0 0 E A 3 6.82553776e+02 1.00000000e-05 31
0 0 0 1 0 1 11 2 0 1 1 E E 3 1.71933407e+03 1.15400000e-03 6
0 0 0 1 0 1 11 3 0 1 1 A E 3 1.71809338e+03 1.15400000e-03 6
0 0 0 1 0 1 11 5 0 1 1 E E 3 1.71280650e+03 1.15400000e-03 6
0 0 0 1 0 1 11 6 0 1 1 A E 3 1.70861413e+03 1.00000000e-04 7
0 0 0 1 0 1 11 8 0 1 1 E E 3 1.69670115e+03 1.15400000e-03 6
0 0 0 1 0 1 11 9 0 1 1 A E 3 1.68887647e+03 1.15400000e-03 6
0 0 0 0 0 0 9 2 0 0 0 E A 3 3.89217662e+02 1.23000000e-04 62
0 0 0 1 0 -1 8 1 0 1 1 E E 3 1.42987028e+03 1.41300000e-03 4
0 0 0 0 0 0 8 5 0 0 0 E A 3 2.98410951e+02 1.00000000e-05 56
0 0 0 1 0 -1 7 4 0 1 1 E E 3 1.33941673e+03 8.16000000e-04 5
0 0 0 0 0 0 7 7 0 0 0 E A 3 2.14551656e+02 8.50000000e-05 34
0 0 0 1 0 -1 6 6 0 1 1 A E 3 1.25586923e+03 1.99800000e-03 2
0 0 0 0 0 0 9 1 0 0 0 E A 3 3.90774387e+02 1.41000000e-04 59
0 0 0 1 0 1 8 0 0 1 1 A E 3 1.43278495e+03 1.41300000e-03 4
0 0 0 1 0 1 10 2 0 1 1 E E 3 1.61893259e+03 1.15400000e-03 6
0 0 0 1 0 1 10 3 0 1 1 A E 3 1.61777907e+03 1.00000000e-05 5
0 0 0 1 0 1 10 5 0 1 1 E E 3 1.61270942e+03 1.41300000e-03 5
0 0 0 0 0 0 8 4 0 0 0 E A 3 3.03152934e+02 1.23000000e-04 71
0 0 0 1 0 -1 7 3 0 1 1 A E 3 1.34718214e+03 1.41300000e-03 4
0 0 0 1 0 1 10 6 0 1 1 A E 3 1.60859696e+03 1.41300000e-03 5
0 0 0 1 0 1 10 8 0 1 1 E E 3 1.59677003e+03 1.41300000e-03 5
0 0 0 0 0 0 11 8 0 0 0 E A 3 5.43807012e+02 1.00000000e-05 48
0 0 0 1 0 1 10 9 0 1 1 A E 3 1.58892450e+03 1.41300000e-03 5
0 0 0 1 0 1 9 2 0 1 1 E E 3 1.52745460e+03 7.56000000e-04 8
0 0 0 1 0 1 9 3 0 1 1 A E 3 1.52641699e+03 1.15300000e-03 7
0 0 0 0 0 0 7 5 0 0 0 E A 3 2.27371369e+02 1.00000000e-05 60
0 0 0 1 0 -1 6 4 0 1 1 E E 3 1.27608184e+03 1.41300000e-03 4
0 0 0 0 0 0 8 2 0 0 0 E A 3 3.09440485e+02 6.10000000e-05 69
0 0 0 1 0 -1 7 1 0 1 1 E E 3 1.35834340e+03 1.66900000e-03 4
0 0 0 1 0 1 9 5 0 1 1 E E 3 1.52160329e+03 1.15400000e-03 6
0 0 0 0 0 0 8 1 0 0 0 E A 3 3.11006212e+02 8.20000000e-05 60
0 0 0 1 0 1 7 0 0 1 1 A E 3 1.36148348e+03 1.41300000e-03 4
0 0 0 1 0 1 9 6 0 1 1 A E 3 1.51757582e+03 1.15400000e-03 6
0 0 0 1 0 1 9 8 0 1 1 E E 3 1.50582351e+03 1.00000000e-04 7
0 0 0 0 0 0 7 4 0 0 0 E A 3 2.32137559e+02 7.70000000e-05 70
0 0 0 1 0 -1 6 3 0 1 1 A E 3 1.28401751e+03 8.16000000e-04 5
0 0 0 1 0 1 8 2 0 1 1 E E 3 1.44495719e+03 1.15400000e-03 6
0 0 0 1 0 1 8 3 0 1 1 A E 3 1.44407148e+03 1.00000000e-04 7
0 0 0 0 0 0 6 5 0 0 0 E A 3 1.65156981e+02 1.32000000e-04 56
0 0 0 1 0 -1 5 4 0 1 1 E E 3 1.22162217e+03 1.41300000e-03 4
0 0 0 1 0 1 8 5 0 1 1 E E 3 1.43954212e+03 1.15400000e-03 6
0 0 0 0 0 0 7 2 0 0 0 E A 3 2.38457281e+02 7.30000000e-05 74
0 0 0 1 0 -1 6 1 0 1 1 E E 3 1.29558486e+03 1.66900000e-03 4
0 0 0 1 0 1 8 6 0 1 1 A E 3 1.43559875e+03 1.15400000e-03 6
0 0 0 0 0 0 7 1 0 0 0 E A 3 2.40031091e+02 1.00000000e-05 71
0 0 0 1 0 1 6 0 0 1 1 A E 3 1.29898381e+03 1.41200000e-03 7
0 0 0 0 0 0 6 4 0 0 0 E A 3 1.69944753e+02 1.00000000e-05 69
0 0 0 1 0 -1 5 3 0 1 1 A E 3 1.22970330e+03 1.41300000e-03 4
0 0 0 1 0 1 7 2 0 1 1 E E 3 1.37150052e+03 1.41200000e-03 7
0 0 0 1 0 1 7 3 0 1 1 A E 3 1.37080577e+03 1.15300000e-03 8
0 0 0 1 0 1 7 5 0 1 1 E E 3 1.36657106e+03 1.00000000e-04 7
0 0 0 1 0 1 7 6 0 1 1 A E 3 1.36270267e+03 1.00000000e-04 7
0 0 0 1 0 1 6 2 0 1 1 E E 3 1.30714706e+03 1.15300000e-03 9
0 0 0 0 0 0 6 1 0 0 0 E A 3 1.77873384e+02 1.00000000e-05 75
0 0 0 1 0 1 5 0 0 1 1 A E 3 1.24528922e+03 1.15400000e-03 6
0 0 0 0 0 0 5 4 0 0 0 E A 3 1.16595878e+02 1.32000000e-04 56
0 0 0 1 0 -1 4 3 0 1 1 A E 3 1.18430235e+03 1.41300000e-03 4
0 0 0 1 0 1 6 3 0 1 1 A E 3 1.30667871e+03 9.99000000e-04 7
0 0 0 1 0 1 6 5 0 1 1 E E 3 1.30272019e+03 1.41300000e-03 5
0 0 0 1 0 1 6 6 0 1 1 A E 3 1.29891002e+03 1.15400000e-03 7
0 0 0 0 0 0 5 2 0 0 0 E A 3 1.22968214e+02 1.10000000e-04 71
0 0 0 1 0 -1 4 1 0 1 1 E E 3 1.19649409e+03 1.39100000e-03 6
0 0 0 1 0 1 5 3 0 1 1 A E 3 1.25173502e+03 1.00000000e-05 12
0 0 0 0 0 0 6 2 0 0 0 E A 3 1.76292562e+02 7.00000000e-06 73
0 0 0 0 0 0 4 4 0 0 0 E A 3 7.21097830e+01 6.40000000e-05 44
0 0 0 1 0 -1 3 3 0 1 1 A E 3 1.14788121e+03 1.99800000e-03 2
0 0 0 0 0 0 5 1 0 0 0 E A 3 1.24555106e+02 1.17000000e-04 71
0 0 0 1 0 1 4 0 0 1 1 A E 3 1.20040977e+03 1.15400000e-03 6
0 0 0 1 0 1 5 5 0 1 1 E E 3 1.24800638e+03 1.00000000e-04 7
0 0 0 1 0 1 4 2 0 1 1 E E 3 1.20598461e+03 9.99000000e-04 10
0 0 0 0 0 0 4 2 0 0 0 E A 3 7.85026670e+01 7.50000000e-05 74
0 0 0 1 0 -1 3 1 0 1 1 E E 3 1.16026588e+03 1.15400000e-03 6
0 0 0 0 0 0 4 1 0 0 0 E A 3 8.00946180e+01 7.60000000e-05 70
0 0 0 1 0 1 3 0 0 1 1 A E 3 1.16436591e+03 1.99500000e-03 4
0 0 0 1 0 1 3 2 0 1 1 E E 3 1.16929541e+03 8.12000000e-04 7
0 0 0 0 0 0 3 2 0 0 0 E A 3 4.29114300e+01 7.80000000e-05 70
0 0 0 1 0 -1 2 1 0 1 1 E E 3 1.13300894e+03 1.41300000e-03 4
0 0 0 1 0 1 3 3 0 1 1 A E 3 1.16946078e+03 1.39100000e-03 6
0 0 0 0 0 0 3 1 0 0 0 E A 3 4.45075000e+01 1.30000000e-04 69
0 0 0 1 0 1 2 0 0 1 1 A E 3 1.13721474e+03 7.88000000e-04 7
0 0 0 1 0 1 2 2 0 1 1 E E 3 1.14184352e+03 1.41300000e-03 5
0 0 0 1 0 -1 11 9 0 1 1 A E 3 1.63037817e+03 1.99500000e-03 4
0 0 0 0 0 0 2 1 0 0 0 E A 3 1.78059740e+01 1.00000000e-05 61
0 0 0 1 0 1 1 0 0 1 1 A E 3 1.11904358e+03 1.99700000e-03 3
0 0 0 1 0 -1 10 7 0 1 1 E E 3 1.55206237e+03 1.99700000e-03 3
0 0 0 0 0 0 5 5 0 0 0 E A 3 1.11789995e+02 8.60000000e-05 42
0 0 0 0 0 0 1 1 0 0 0 E A 3 0.00000000e+00 8.60000000e-05 46
0 0 0 1 0 1 0 0 0 1 1 A E 3 1.10993518e+03 1.99800000e-03 2
0 0 0 1 0 -1 15 6 0 1 1 A E 3 2.14326149e+03 1.32400000e-03 5
0 0 0 0 0 0 2 2 0 0 0 E A 3 1.62071380e+01 8.80000000e-05 42
0 0 0 1 0 -1 5 1 0 1 1 E E 3 1.24162093e+03 1.99700000e-03 3
0 0 0 1 0 -1 14 4 0 1 1 E E 3 2.02706851e+03 3.03000000e-03 3
0 0 0 1 0 -1 14 3 0 1 1 A E 3 2.03345529e+03 1.32400000e-03 4
0 0 0 1 0 -1 17 3 0 1 1 A E 3 2.45692365e+03 2.00000000e-03 1
0 0 0 1 0 -1 13 1 0 1 1 E E 3 1.91839288e+03 2.00000000e-03 2
0 0 0 1 0 1 11 0 0 1 1 A E 3 1.69933102e+03 1.99700000e-03 3
0 0 0 0 0 0 14 1 0 0 0 E A 3 9.20470568e+02 8.25000000e-04 16
0 0 0 1 0 1 14 0 0 1 1 A E 3 2.04417411e+03 1.99900000e-03 2
0 0 0 0 0 0 15 1 0 0 0 E A 3 1.05233548e+03 7.31000000e-04 15
0 0 0 1 0 1 15 0 0 1 1 A E 3 2.17635034e+03 2.00000000e-03 2
0 0 0 0 0 0 16 1 0 0 0 E A 3 1.19274942e+03 1.05900000e-03 9
0 0 0 1 0 1 16 0 0 1 1 A E 3 2.31710024e+03 1.56200000e-03 3
0 0 0 1 0 1 5 2 0 1 1 E E 3 1.25196072e+03 1.00000000e-05 10
0 1 0 0 0 0 5 2 0 0 0 E A 3 1.11073086e+03 1.00000000e-05 14
0 2 0 0 0 0 4 2 0 0 0 E A 3 2.04633806e+03 1.23800000e-03 3
0 1 0 0 0 0 5 1 0 0 0 E A 3 1.11175099e+03 9.90000000e-05 13
0 2 0 0 0 0 4 1 0 0 0 E A 3 2.04688020e+03 1.05300000e-03 4
0 1 0 0 0 0 10 2 0 0 0 E A 3 1.45347267e+03 7.81000000e-04 11
0 2 0 0 0 0 11 2 0 0 0 E A 3 2.51227095e+03 1.48900000e-03 2
0 1 0 0 0 0 10 1 0 0 0 E A 3 1.45454605e+03 7.81000000e-04 11
0 2 0 0 0 0 11 1 0 0 0 E A 3 2.51294948e+03 1.48900000e-03 2
0 1 0 0 0 0 6 2 0 0 0 E A 3 1.16209738e+03 9.90000000e-05 13
0 2 0 0 0 0 5 2 0 0 0 E A 3 2.08780211e+03 1.05300000e-03 4
0 1 0 0 0 0 9 5 0 0 0 E A 3 1.36032212e+03 7.45000000e-04 13
0 2 0 0 0 0 10 5 0 0 0 E A 3 2.41599858e+03 1.48900000e-03 2
0 1 0 0 0 0 9 4 0 0 0 E A 3 1.36349562e+03 7.45000000e-04 13
0 2 0 0 0 0 10 4 0 0 0 E A 3 2.41792693e+03 1.48900000e-03 2
0 1 0 0 0 0 9 2 0 0 0 E A 3 1.36774146e+03 7.45000000e-04 13
0 2 0 0 0 0 10 2 0 0 0 E A 3 2.42053431e+03 2.00000000e-03 1
0 1 0 0 0 0 9 1 0 0 0 E A 3 1.36880527e+03 7.45000000e-04 13
0 2 0 0 0 0 10 1 0 0 0 E A 3 2.42119209e+03 1.48900000e-03 2
0 1 0 0 0 0 8 5 0 0 0 E A 3 1.28326427e+03 1.00000000e-05 15
0 2 0 0 0 0 9 5 0 0 0 E A 3 2.33283476e+03 1.48900000e-03 2
0 1 0 0 0 0 8 4 0 0 0 E A 3 1.28639979e+03 6.98000000e-04 15
0 2 0 0 0 0 9 4 0 0 0 E A 3 2.33469204e+03 1.48900000e-03 2
0 1 0 0 0 0 8 2 0 0 0 E A 3 1.29060011e+03 5.88000000e-04 14
0 2 0 0 0 0 9 2 0 0 0 E A 3 2.33721041e+03 1.48900000e-03 2
0 1 0 0 0 0 8 1 0 0 0 E A 3 1.29165351e+03 1.00000000e-05 13
0 2 0 0 0 0 9 1 0 0 0 E A 3 2.33784712e+03 2.00000000e-03 1
0 1 0 0 0 0 7 5 0 0 0 E A 3 1.21480445e+03 9.90000000e-05 14
0 2 0 0 0 0 8 5 0 0 0 E A 3 2.25807331e+03 1.23800000e-03 3
0 1 0 0 0 0 7 1 0 0 0 E A 3 1.22309491e+03 9.90000000e-05 15
0 2 0 0 0 0 8 1 0 0 0 E A 3 2.26290564e+03 1.48900000e-03 2
0 1 0 0 0 0 6 4 0 0 0 E A 3 1.15799313e+03 1.00000000e-05 13
0 2 0 0 0 0 7 4 0 0 0 E A 3 2.19341541e+03 1.48900000e-03 2
0 1 0 0 0 0 6 1 0 0 0 E A 3 1.16312844e+03 7.80000000e-04 13
0 2 0 0 0 0 7 1 0 0 0 E A 3 2.19635454e+03 1.19400000e-03 3
0 2 0 0 0 0 6 2 0 0 0 E A 3 2.13760279e+03 1.48900000e-03 2
0 2 0 0 0 0 6 1 0 0 0 E A 3 2.13817834e+03 1.24100000e-03 4
0 1 0 0 0 0 4 2 0 0 0 E A 3 1.06794656e+03 9.90000000e-05 13
0 1 0 0 0 0 4 1 0 0 0 E A 3 1.06895613e+03 9.28000000e-04 9
0 2 0 0 0 0 5 1 0 0 0 E A 3 2.08835956e+03 1.23800000e-03 3
0 1 0 0 0 0 3 1 0 0 0 E A 3 1.03473561e+03 9.90000000e-05 12
0 1 0 0 0 0 2 1 0 0 0 E A 3 1.00907993e+03 9.27000000e-04 10
0 2 0 0 0 0 3 1 0 0 0 E A 3 2.01372147e+03 1.23800000e-03 3
0 1 0 0 0 0 1 1 0 0 0 E A 3 9.91981545e+02 1.00000000e-05 9
0 2 0 0 0 0 2 1 0 0 0 E A 3 1.98886770e+03 9.52000000e-04 5
0 1 0 0 0 0 5 5 0 0 0 E A 3 1.10365899e+03 1.00000000e-04 8
0 2 0 0 0 0 5 5 0 0 0 E A 3 2.08401537e+03 1.48900000e-03 2
0 1 0 0 0 0 4 4 0 0 0 E A 3 1.06393259e+03 1.00000000e-04 8
0 2 0 0 0 0 4 4 0 0 0 E A 3 2.04421224e+03 1.48900000e-03 2
0 1 0 0 0 0 2 2 0 0 0 E A 3 1.00808643e+03 7.10000000e-05 9
0 2 0 0 0 0 2 2 0 0 0 E A 3 1.98834923e+03 1.48900000e-03 2
0 1 0 0 0 0 5 4 0 0 0 E A 3 1.10667414e+03 8.69000000e-04 12
0 2 0 0 0 0 5 4 0 0 0 E A 3 2.08561254e+03 1.23800000e-03 3
0 2 0 0 0 0 7 2 0 0 0 E A 3 2.19575961e+03 1.23800000e-03 3
0 2 0 0 0 0 6 4 0 0 0 E A 3 2.13533973e+03 1.23800000e-03 3
0 2 0 0 0 0 7 5 0 0 0 E A 3 2.19169706e+03 2.00000000e-03 1
0 1 0 0 0 0 9 7 0 0 0 E A 3 1.35192208e+03 6.35000000e-04 13
0 2 0 0 0 0 9 7 0 0 0 E A 3 2.32803285e+03 1.23800000e-03 3
0 1 0 0 0 0 10 8 0 0 0 E A 3 1.43218902e+03 8.21000000e-04 11
0 2 0 0 0 0 10 8 0 0 0 E A 3 2.40796689e+03 1.23800000e-03 3
0 2 0 0 0 0 8 4 0 0 0 E A 3 2.25986000e+03 1.23800000e-03 3
0 0 0 1 0 1 8 8 0 1 1 E E 3 1.42390876e+03 1.41300000e-03 5
0 1 0 0 0 0 6 5 0 0 0 E A 3 1.15493811e+03 1.00000000e-05 12
0 0 0 1 0 1 9 9 0 1 1 A E 3 1.49796536e+03 1.00000000e-04 6
0 1 0 0 0 0 7 7 0 0 0 E A 3 1.20665045e+03 9.90000000e-05 10
0 0 0 1 0 1 11 11 0 1 1 E E 3 1.67528310e+03 1.00000000e-04 5
0 1 0 0 0 0 7 4 0 0 0 E A 3 1.21789958e+03 9.36000000e-04 10
0 1 0 0 0 0 14 7 0 0 0 E A 3 1.86552701e+03 6.47000000e-04 11
0 0 0 1 0 1 12 3 0 1 1 A E 3 1.82729757e+03 1.41300000e-03 5
0 0 0 0 0 0 12 11 0 0 0 E A 3 6.25866953e+02 2.66000000e-04 25
0 0 0 1 0 1 12 12 0 1 1 A E 3 1.77229781e+03 1.41300000e-03 5
0 1 0 0 0 0 7 2 0 0 0 E A 3 1.22205248e+03 9.90000000e-05 13
0 0 0 0 0 0 12 10 0 0 0 E A 3 6.37154537e+02 1.00000000e-05 28
0 0 0 1 0 1 12 11 0 1 1 E E 3 1.78429260e+03 1.41300000e-03 5
0 1 0 0 0 0 8 8 0 0 0 E A 3 1.26988375e+03 1.00000000e-04 8
0 0 0 1 0 1 13 11 0 1 1 E E 3 1.90220491e+03 1.73200000e-03 5
0 0 0 0 0 0 14 13 0 0 0 E A 3 8.39026114e+02 8.99000000e-04 14
0 0 0 1 0 1 14 14 0 1 1 E E 3 1.98910249e+03 3.47500000e-03 3
0 1 0 0 0 0 8 7 0 0 0 E A 3 1.27498467e+03 9.90000000e-05 12
0 0 0 1 0 1 14 6 0 1 1 A E 3 2.06206080e+03 1.93700000e-03 5
0 0 0 0 0 0 15 8 0 0 0 E A 3 1.02064396e+03 1.00000000e-05 21
0 0 0 1 0 1 15 9 0 1 1 A E 3 2.17773729e+03 1.41300000e-03 5
0 0 0 0 0 0 17 17 0 0 0 E A 3 1.19747105e+03 1.23700000e-03 6
0 1 0 0 0 0 18 17 0 0 0 E A 3 2.34573467e+03 1.23800000e-03 4
0 0 0 1 0 1 16 11 0 1 1 E E 3 2.30871016e+03 1.23000000e-03 5
0 0 0 1 0 1 16 8 0 1 1 E E 3 2.32953058e+03 1.41400000e-03 3
0 0 0 0 0 0 17 10 0 0 0 E A 3 1.29859773e+03 9.01000000e-04 11
0 0 0 1 0 1 17 11 0 1 1 E E 3 2.46130052e+03 1.10400000e-03 6
0 0 0 0 0 0 16 16 0 0 0 E A 3 1.06550854e+03 1.55800000e-03 7
0 1 0 0 0 0 17 16 0 0 0 E A 3 2.20495137e+03 1.23100000e-03 4
0 1 0 0 0 0 9 8 0 0 0 E A 3 1.34673102e+03 9.01000000e-04 9
0 0 0 0 0 0 16 14 0 0 0 E A 3 1.09846014e+03 1.00000000e-05 12
0 1 0 0 0 0 17 14 0 0 0 E A 3 2.22712708e+03 1.01000000e-03 7
0 1 0 0 0 0 10 10 0 0 0 E A 3 1.42592268e+03 1.23000000e-03 5
0 1 0 0 0 0 18 13 0 0 0 E A 3 2.39085318e+03 9.76000000e-04 8
0 0 0 0 0 0 15 14 0 0 0 E A 3 9.57047559e+02 1.22900000e-03 8
0 1 0 0 0 0 16 14 0 0 0 E A 3 2.08226107e+03 1.00000000e-05 8
0 0 0 0 0 0 15 5 0 0 0 E A 3 1.04038312e+03 8.15000000e-04 16
0 1 0 0 0 0 14 5 0 0 0 E A 3 1.87435805e+03 6.47000000e-04 11
0 1 0 0 0 0 16 13 0 0 0 E A 3 2.09223784e+03 1.00000000e-05 10
0 1 0 0 0 0 18 10 0 0 0 E A 3 2.41701478e+03 9.76000000e-04 7
0 1 0 0 0 0 17 11 0 0 0 E A 3 2.25536452e+03 1.10400000e-03 5
0 1 0 0 0 0 15 13 0 0 0 E A 3 1.95578615e+03 9.36000000e-04 8
0 1 0 0 0 0 17 10 0 0 0 E A 3 2.26327218e+03 8.77000000e-04 9
0 0 0 0 0 0 17 8 0 0 0 E A 3 1.31060406e+03 1.17000000e-03 6
0 1 0 0 0 0 18 8 0 0 0 E A 3 2.42436500e+03 1.32400000e-03 4
0 0 0 0 0 0 18 5 0 0 0 E A 3 1.49364662e+03 1.56100000e-03 3
0 1 0 0 0 0 19 5 0 0 0 E A 3 2.60727648e+03 1.06000000e-03 6
0 0 0 0 0 0 13 13 0 0 0 E A 3 7.14981259e+02 8.89000000e-04 12
0 1 0 0 0 0 14 13 0 0 0 E A 3 1.82795818e+03 1.01000000e-03 8
0 1 0 0 0 0 16 11 0 0 0 E A 3 2.11013679e+03 1.23000000e-03 5
0 0 0 0 0 0 17 7 0 0 0 E A 3 1.32428493e+03 1.32400000e-03 4
0 1 0 0 0 0 18 7 0 0 0 E A 3 2.43617103e+03 9.76000000e-04 7
0 1 0 0 0 0 11 11 0 0 0 E A 3 1.51248468e+03 1.23000000e-03 5
0 1 0 0 0 0 16 10 0 0 0 E A 3 2.11798978e+03 1.01000000e-03 7
0 1 0 0 0 0 17 8 0 0 0 E A 3 2.27058295e+03 1.32400000e-03 4
0 0 0 0 0 0 17 5 0 0 0 E A 3 1.32995065e+03 1.06000000e-03 7
0 1 0 0 0 0 18 5 0 0 0 E A 3 2.43890949e+03 1.99800000e-03 2
0 1 0 0 0 0 10 7 0 0 0 E A 3 1.43746485e+03 8.48000000e-04 10
0 1 0 0 0 0 15 11 0 0 0 E A 3 1.97343004e+03 1.10400000e-03 7
0 1 0 0 0 0 17 7 0 0 0 E A 3 2.27618555e+03 1.56100000e-03 3
0 1 0 0 0 0 15 10 0 0 0 E A 3 1.98120858e+03 1.16900000e-03 7
0 1 0 0 0 0 14 4 0 0 0 E A 3 1.87766499e+03 7.64000000e-04 12
0 1 0 0 0 0 16 8 0 0 0 E A 3 2.12523794e+03 1.17000000e-03 6
0 1 0 0 0 0 14 11 0 0 0 E A 3 1.84528206e+03 1.00000000e-05 8
0 0 0 0 0 0 16 5 0 0 0 E A 3 1.18091201e+03 9.09000000e-04 12
0 1 0 0 0 0 17 5 0 0 0 E A 3 2.28511181e+03 1.56100000e-03 3
0 1 0 0 0 0 17 4 0 0 0 E A 3 2.28844485e+03 1.32400000e-03 4
0 1 0 0 0 0 11 10 0 0 0 E A 3 1.51975755e+03 1.04800000e-03 7
0 1 0 0 0 0 16 7 0 0 0 E A 3 2.13082278e+03 1.32400000e-03 5
0 0 0 0 0 0 16 2 0 0 0 E A 3 1.19127783e+03 9.75000000e-04 10
0 1 0 0 0 0 17 2 0 0 0 E A 3 2.29288653e+03 1.32400000e-03 4
0 1 0 0 0 0 14 10 0 0 0 E A 3 1.85296538e+03 1.01000000e-03 8
0 1 0 0 0 0 10 5 0 0 0 E A 3 1.44597673e+03 1.00000000e-05 13
0 1 0 0 0 0 15 8 0 0 0 E A 3 1.98836663e+03 9.36000000e-04 9
0 1 0 0 0 0 13 11 0 0 0 E A 3 1.72572778e+03 9.01000000e-04 9
0 1 0 0 0 0 16 5 0 0 0 E A 3 2.13973017e+03 1.06000000e-03 6
0 1 0 0 0 0 16 4 0 0 0 E A 3 2.14305897e+03 1.17000000e-03 5
0 1 0 0 0 0 15 7 0 0 0 E A 3 1.99392515e+03 9.36000000e-04 9
0 1 0 0 0 0 10 4 0 0 0 E A 3 1.44918505e+03 1.00000000e-05 13
0 1 0 0 0 0 16 2 0 0 0 E A 3 2.14749280e+03 1.06000000e-03 6
0 1 0 0 0 0 16 1 0 0 0 E A 3 2.14859738e+03 9.76000000e-04 7
0 1 0 0 0 0 12 11 0 0 0 E A 3 1.61479182e+03 1.23000000e-03 6
0 1 0 0 0 0 14 8 0 0 0 E A 3 1.86000501e+03 8.48000000e-04 10
0 1 0 0 0 0 15 5 0 0 0 E A 3 2.00280108e+03 9.75000000e-04 9
0 1 0 0 0 0 15 4 0 0 0 E A 3 2.00612123e+03 7.27000000e-04 9
0 1 0 0 0 0 15 2 0 0 0 E A 3 2.01054324e+03 9.76000000e-04 8
0 1 0 0 0 0 12 10 0 0 0 E A 3 1.62221690e+03 1.00000000e-05 10
0 1 0 0 0 0 15 1 0 0 0 E A 3 2.01164633e+03 1.06000000e-03 7
0 1 0 0 0 0 13 8 0 0 0 E A 3 1.74018281e+03 8.48000000e-04 10
0 1 0 0 0 0 13 7 0 0 0 E A 3 1.74565856e+03 9.01000000e-04 9
0 0 0 0 0 0 10 10 0 0 0 E A 3 4.33154156e+02 3.11000000e-04 23
0 1 0 0 0 0 14 2 0 0 0 E A 3 1.88207095e+03 8.27000000e-04 11
0 0 0 0 0 0 13 1 0 0 0 E A 3 7.97196651e+02 7.31000000e-04 21
0 1 0 0 0 0 14 1 0 0 0 E A 3 1.88317052e+03 9.36000000e-04 8
0 1 0 0 0 0 12 8 0 0 0 E A 3 1.62892644e+03 7.00000000e-06 13
0 1 0 0 0 0 13 5 0 0 0 E A 3 1.75443080e+03 8.48000000e-04 10
0 1 0 0 0 0 13 4 0 0 0 E A 3 1.75772013e+03 1.00000000e-05 12
0 1 0 0 0 0 12 7 0 0 0 E A 3 1.63434575e+03 1.00000000e-05 11
0 1 0 0 0 0 13 2 0 0 0 E A 3 1.76210396e+03 6.59000000e-04 11
0 1 0 0 0 0 13 1 0 0 0 E A 3 1.76319919e+03 1.00000000e-05 10
0 1 0 0 0 0 11 8 0 0 0 E A 3 1.52625693e+03 8.03000000e-04 11
0 1 0 0 0 0 12 5 0 0 0 E A 3 1.64304471e+03 1.00000000e-05 12
0 1 0 0 0 0 12 4 0 0 0 E A 3 1.64631141e+03 6.59000000e-04 11
0 1 0 0 0 0 11 7 0 0 0 E A 3 1.53160937e+03 6.69000000e-04 10
0 1 0 0 0 0 12 2 0 0 0 E A 3 1.65066895e+03 9.36000000e-04 9
0 1 0 0 0 0 12 1 0 0 0 E A 3 1.65175770e+03 1.00000000e-05 11
0 1 0 0 0 0 11 5 0 0 0 E A 3 1.54022123e+03 8.03000000e-04 11
0 1 0 0 0 0 11 4 0 0 0 E A 3 1.54346099e+03 8.48000000e-04 10
0 1 0 0 0 0 11 2 0 0 0 E A 3 1.54778605e+03 6.26000000e-04 12
0 1 0 0 0 0 11 1 0 0 0 E A 3 1.54886783e+03 8.27000000e-04 11
0 0 0 1 0 1 14 11 0 1 1 E E 3 2.02896059e+03 1.99500000e-03 4
0 0 0 1 0 1 15 14 0 1 1 E E 3 2.12508150e+03 1.56000000e-03 4
0 1 0 0 0 0 3 2 0 0 0 E A 3 1.03373454e+03 1.04600000e-03 10
0 0 0 1 0 1 15 6 0 1 1 A E 3 2.19746268e+03 1.99500000e-03 4
0 1 0 0 0 0 13 10 0 0 0 E A 3 1.73329242e+03 1.10400000e-03 7
0 0 0 1 0 1 16 12 0 1 1 A E 3 2.29720778e+03 1.99700000e-03 3
0 0 0 1 0 1 16 9 0 1 1 A E 3 2.32183784e+03 1.99700000e-03 3
0 1 0 0 0 0 17 17 0 0 0 E A 3 2.19299830e+03 1.56100000e-03 3
0 0 0 0 0 0 14 14 0 0 0 E A 3 8.24230144e+02 1.55900000e-03 6
0 1 0 0 0 0 14 14 0 0 0 E A 3 1.81840854e+03 1.56100000e-03 3
0 1 0 0 0 0 13 13 0 0 0 E A 3 1.70875933e+03 1.17000000e-03 6
0 0 0 0 0 0 18 17 0 0 0 E A 3 1.35649845e+03 1.16900000e-03 7
0 0 0 0 0 0 17 16 0 0 0 E A 3 1.21581862e+03 1.32200000e-03 8
0 1 0 0 0 0 15 14 0 0 0 E A 3 1.94602463e+03 1.56100000e-03 4
0 0 0 1 0 1 17 9 0 1 1 A E 3 2.47460841e+03 1.99700000e-03 3
0 0 0 0 0 0 18 16 0 0 0 E A 3 1.37463986e+03 1.16900000e-03 7
0 1 0 0 0 0 18 16 0 0 0 E A 3 2.35789717e+03 1.32400000e-03 4
0 0 0 0 0 0 19 17 0 0 0 E A 3 1.52399217e+03 1.17000000e-03 5
0 1 0 0 0 0 19 17 0 0 0 E A 3 2.50695124e+03 1.17000000e-03 6
0 0 0 0 0 0 17 14 0 0 0 E A 3 1.24842045e+03 1.32300000e-03 7
0 1 0 0 0 0 17 13 0 0 0 E A 3 2.23727310e+03 1.06000000e-03 6
0 0 0 0 0 0 17 11 0 0 0 E A 3 1.28782650e+03 1.32300000e-03 6
0 0 0 1 0 -1 14 7 0 1 1 E E 3 1.99968294e+03 1.00000000e-05 3
0 3 0 0 0 0 5 1 0 0 0 E A 3 3.05356173e+03 4.90100000e-03 3
0 3 0 0 0 0 10 4 0 0 0 E A 3 3.37674921e+03 4.80800000e-03 5
0 3 0 0 0 0 12 7 0 0 0 E A 3 3.56024849e+03 3.48300000e-03 5
0 3 0 0 0 0 12 8 0 0 0 E A 3 3.55873469e+03 3.50000000e-03 4
0 0 1 0 1 0 2 0 1 0 1 A E 3 2.34494674e+03 1.14500000e-03 8
0 0 1 0 1 0 2 2 1 0 1 E E 3 2.34265334e+03 1.13300000e-03 8
0 0 1 0 1 0 3 3 1 0 1 A E 3 2.36644423e+03 1.13300000e-03 8
0 0 1 0 1 0 3 2 1 0 1 E E 3 2.36910396e+03 1.14800000e-03 8
0 0 1 0 1 0 3 0 1 0 1 A E 3 2.37139057e+03 1.14500000e-03 8
0 0 1 0 1 0 4 3 1 0 1 A E 3 2.40171428e+03 1.13300000e-03 8
0 0 1 0 1 0 4 2 1 0 1 E E 3 2.40436052e+03 1.15700000e-03 8
0 0 1 0 1 0 4 0 1 0 1 A E 3 2.40663809e+03 1.14500000e-03 8
0 0 1 0 1 0 5 5 1 0 1 E E 3 2.43748001e+03 1.41000000e-03 6
0 0 1 0 1 0 5 3 1 0 1 A E 3 2.44578285e+03 1.42000000e-03 6
0 0 1 0 -1 0 5 1 1 0 1 E E 3 2.45031920e+03 1.16300000e-03 8
0 0 1 0 -1 0 6 4 1 0 1 E E 3 2.49624773e+03 1.17600000e-03 8
0 0 1 0 1 0 6 5 1 0 1 E E 3 2.49044634e+03 1.16600000e-03 8
0 0 1 0 1 0 10 6 1 0 1 A E 3 2.78470040e+03 1.15400000e-03 7
0 0 1 0 1 0 6 3 1 0 1 A E 3 2.49863968e+03 1.16600000e-03 8
0 0 1 0 1 0 6 2 1 0 1 E E 3 2.50124400e+03 1.16600000e-03 8
0 0 1 0 1 0 9 6 1 0 1 A E 3 2.69667704e+03 1.17400000e-03 7
0 0 1 0 1 0 0 0 1 0 1 A E 3 2.31849515e+03 2.02800000e-03 3
0 0 1 0 1 0 8 6 1 0 1 A E 3 2.61737196e+03 1.15400000e-03 7
0 0 1 0 -1 0 2 1 1 0 1 E E 3 2.34458562e+03 1.41700000e-03 5
0 0 1 0 1 0 9 5 1 0 1 E E 3 2.70194510e+03 1.44100000e-03 6
0 0 1 0 1 0 7 6 1 0 1 A E 3 2.54680118e+03 1.34800000e-03 6
0 0 1 0 1 0 8 5 1 0 1 E E 3 2.62269736e+03 1.15400000e-03 7
0 0 1 0 1 0 10 3 1 0 1 A E 3 2.79761734e+03 1.15400000e-03 7
0 0 1 0 1 0 7 5 1 0 1 E E 3 2.55219117e+03 1.15400000e-03 7
0 0 1 0 1 0 8 3 1 0 1 A E 3 2.63065488e+03 1.15400000e-03 7
0 0 1 0 1 0 9 2 1 0 1 E E 3 2.71227121e+03 1.16700000e-03 7
0 0 1 0 -1 0 12 1 1 0 1 E E 3 3.00366654e+03 2.85800000e-03 4
0 0 1 0 1 0 10 0 1 0 1 A E 3 2.80229326e+03 1.20700000e-03 7
0 0 1 0 -1 0 11 1 1 0 1 E E 3 2.89846695e+03 1.18300000e-03 7
0 0 1 0 1 0 9 0 1 0 1 A E 3 2.71450580e+03 1.38500000e-03 6
0 0 1 0 1 0 5 2 1 0 1 E E 3 2.44841082e+03 1.37700000e-03 6
0 0 1 0 -1 0 10 1 1 0 1 E E 3 2.80196181e+03 1.17200000e-03 7
0 0 1 0 1 0 8 0 1 0 1 A E 3 2.63543165e+03 1.17400000e-03 7
0 0 1 0 -1 0 9 1 1 0 1 E E 3 2.71416028e+03 1.17300000e-03 7
0 0 1 0 -1 0 12 3 1 0 1 A E 3 2.99991976e+03 2.95000000e-03 4
0 0 1 0 -1 0 7 1 1 0 1 E E 3 2.56473506e+03 1.18300000e-03 7
0 0 1 0 -1 0 10 3 1 0 1 A E 3 2.79837078e+03 1.73400000e-03 5
0 0 1 0 -1 0 6 1 1 0 1 E E 3 2.50314319e+03 1.18500000e-03 7
0 0 1 0 1 0 1 0 1 0 1 A E 3 2.32731287e+03 1.76700000e-03 5
0 0 1 0 -1 0 4 1 1 0 1 E E 3 2.40627815e+03 1.16700000e-03 7
0 0 1 0 -1 0 3 1 1 0 1 E E 3 2.37102965e+03 1.18300000e-03 7
0 0 1 0 -1 0 8 3 1 0 1 A E 3 2.63148523e+03 1.36900000e-03 6
0 0 1 0 -1 0 7 3 1 0 1 A E 3 2.56110997e+03 1.18500000e-03 7
0 0 1 0 -1 0 9 4 1 0 1 E E 3 2.70750875e+03 1.40600000e-03 7
0 0 1 0 -1 0 6 3 1 0 1 A E 3 2.49948486e+03 1.20000000e-03 7
0 0 1 0 -1 0 5 3 1 0 1 A E 3 2.44663163e+03 1.42800000e-03 6
0 0 1 0 -1 0 4 3 1 0 1 A E 3 2.40256751e+03 1.42300000e-03 5
0 0 1 0 -1 0 1 1 1 0 1 E E 3 2.32695155e+03 3.84100000e-03 2
0 0 1 0 -1 0 7 4 1 0 1 E E 3 2.55793268e+03 1.15900000e-03 8
0 0 1 0 -1 0 5 4 1 0 1 E E 3 2.44333454e+03 1.45700000e-03 5
0 0 1 0 -1 0 9 7 1 0 1 E E 3 2.69127399e+03 1.19000000e-03 7
0 3 0 0 0 0 8 2 0 0 0 E A 3 3.22353688e+03 2.02070000e-02 3
0 3 0 0 0 0 9 2 0 0 0 E A 3 3.29662876e+03 1.56520000e-02 5
0 3 0 0 0 0 5 4 0 0 0 E A 3 3.05271487e+03 2.02070000e-02 3
0 3 0 0 0 0 6 4 0 0 0 E A 3 3.10118451e+03 2.47490000e-02 2
0 3 0 0 0 0 8 4 0 0 0 E A 3 3.22257581e+03 2.47490000e-02 2
0 3 0 0 0 0 9 4 0 0 0 E A 3 3.29555113e+03 2.02070000e-02 3
0 3 0 0 0 0 11 4 0 0 0 E A 3 3.46619037e+03 1.75000000e-02 4
0 3 0 0 0 0 12 4 0 0 0 E A 3 3.56389042e+03 1.75000000e-02 4
0 3 0 0 0 0 5 5 0 0 0 E A 3 3.05226119e+03 2.47490000e-02 2
0 3 0 0 0 0 6 5 0 0 0 E A 3 3.10067303e+03 2.47490000e-02 2
0 3 0 0 0 0 7 5 0 0 0 E A 3 3.15720937e+03 2.02070000e-02 3
0 3 0 0 0 0 8 5 0 0 0 E A 3 3.22190450e+03 2.02070000e-02 3
0 3 0 0 0 0 9 5 0 0 0 E A 3 3.29479279e+03 1.75000000e-02 4
0 3 0 0 0 0 10 5 0 0 0 E A 3 3.37590308e+03 1.75000000e-02 4
0 3 0 0 0 0 11 5 0 0 0 E A 3 3.46525041e+03 1.75000000e-02 4
0 3 0 0 0 0 12 5 0 0 0 E A 3 3.56286147e+03 1.75000000e-02 4
0 3 0 0 0 0 7 7 0 0 0 E A 3 3.15585876e+03 2.47490000e-02 2
0 3 0 0 0 0 8 7 0 0 0 E A 3 3.22034638e+03 2.02070000e-02 3
0 3 0 0 0 0 9 7 0 0 0 E A 3 3.29298514e+03 2.02070000e-02 3
0 3 0 0 0 0 10 7 0 0 0 E A 3 3.37382206e+03 2.02070000e-02 3
0 3 0 0 0 0 11 7 0 0 0 E A 3 3.46290513e+03 2.47490000e-02 2
0 3 0 0 0 0 2 1 0 0 0 E A 3 2.95657246e+03 2.02070000e-02 3
0 3 0 0 0 0 13 7 0 0 0 E A 3 3.66588061e+03 2.47490000e-02 2
0 3 0 0 0 0 8 8 0 0 0 E A 3 3.21951991e+03 2.47490000e-02 2
0 3 0 0 0 0 9 8 0 0 0 E A 3 3.29201950e+03 2.02070000e-02 3
0 3 0 0 0 0 10 8 0 0 0 E A 3 3.37268465e+03 2.47490000e-02 2
0 3 0 0 0 0 11 8 0 0 0 E A 3 3.46157839e+03 2.02070000e-02 3
0 3 0 0 0 0 13 8 0 0 0 E A 3 3.66418539e+03 2.47490000e-02 2
0 3 0 0 0 0 14 8 0 0 0 E A 3 3.77794024e+03 2.02070000e-02 3
0 3 0 0 0 0 3 1 0 0 0 E A 3 2.98080136e+03 2.02070000e-02 3
0 3 0 0 0 0 10 10 0 0 0 E A 3 3.37663798e+03 2.47490000e-02 2
0 3 0 0 0 0 12 10 0 0 0 E A 3 3.56175564e+03 2.47490000e-02 2
0 3 0 0 0 0 13 10 0 0 0 E A 3 3.66670423e+03 2.02070000e-02 3
0 3 0 0 0 0 14 10 0 0 0 E A 3 3.77998873e+03 2.47490000e-02 2
0 3 0 0 0 0 15 10 0 0 0 E A 3 3.90160148e+03 2.47490000e-02 2
0 3 0 0 0 0 11 11 0 0 0 E A 3 3.46384369e+03 2.47490000e-02 2
0 3 0 0 0 0 12 11 0 0 0 E A 3 3.56024538e+03 2.47490000e-02 2
0 3 0 0 0 0 13 11 0 0 0 E A 3 3.66486313e+03 2.47490000e-02 2
0 3 0 0 0 0 4 1 0 0 0 E A 3 3.01312494e+03 2.02070000e-02 3
0 3 0 0 0 0 14 11 0 0 0 E A 3 3.77781326e+03 3.50000000e-02 1
0 3 0 0 0 0 13 13 0 0 0 E A 3 3.66158376e+03 3.50000000e-02 1
0 3 0 0 0 0 14 13 0 0 0 E A 3 3.77379061e+03 3.50000000e-02 1
0 3 0 0 0 0 15 13 0 0 0 E A 3 3.89423112e+03 3.50000000e-02 1
0 3 0 0 0 0 16 13 0 0 0 E A 3 4.02311789e+03 3.50000000e-02 1
0 3 0 0 0 0 16 14 0 0 0 E A 3 4.02040614e+03 3.50000000e-02 1
0 3 0 0 0 0 16 16 0 0 0 E A 3 4.01595165e+03 3.50000000e-02 1
0 3 0 0 0 0 17 16 0 0 0 E A 3 4.15159622e+03 3.50000000e-02 1
0 3 0 0 0 0 17 17 0 0 0 E A 3 4.14930575e+03 3.50000000e-02 1
0 3 0 0 0 0 6 1 0 0 0 E A 3 3.10214009e+03 2.02070000e-02 3
0 3 0 0 0 0 7 1 0 0 0 E A 3 3.15887396e+03 2.02070000e-02 3
0 3 0 0 0 0 8 1 0 0 0 E A 3 3.22378842e+03 2.02070000e-02 3
0 3 0 0 0 0 9 1 0 0 0 E A 3 3.29690675e+03 2.47490000e-02 2
0 3 0 0 0 0 10 1 0 0 0 E A 3 3.37825329e+03 1.75000000e-02 4
0 3 0 0 0 0 11 1 0 0 0 E A 3 3.46784649e+03 1.56520000e-02 5
0 3 0 0 0 0 12 1 0 0 0 E A 3 3.56569944e+03 2.02070000e-02 3
0 3 0 0 0 0 13 1 0 0 0 E A 3 3.67185511e+03 2.47490000e-02 2
0 3 0 0 0 0 2 2 0 0 0 E A 3 2.95643513e+03 3.50000000e-02 1
0 3 0 0 0 0 3 2 0 0 0 E A 3 2.98065421e+03 2.02070000e-02 3
0 3 0 0 0 0 4 2 0 0 0 E A 3 3.01296262e+03 2.47490000e-02 2
0 3 0 0 0 0 5 2 0 0 0 E A 3 3.05338495e+03 2.02070000e-02 3
0 3 0 0 0 0 6 2 0 0 0 E A 3 3.10193718e+03 3.50000000e-02 1
0 3 0 0 0 0 7 2 0 0 0 E A 3 3.15864796e+03 1.75000000e-02 4
0 3 0 0 0 0 11 2 0 0 0 E A 3 3.46751710e+03 2.02070000e-02 3
0 3 0 0 0 0 13 2 0 0 0 E A 3 3.67147608e+03 3.50000000e-02 1
0 3 0 0 0 0 4 4 0 0 0 E A 3 3.01236098e+03 3.50000000e-02 1
0 3 0 0 0 0 7 4 0 0 0 E A 3 3.15779629e+03 2.47490000e-02 2
0 3 0 0 0 0 14 4 0 0 0 E A 3 3.78411136e+03 3.50000000e-02 1
0 3 0 0 0 0 13 5 0 0 0 E A 3 3.66875014e+03 2.02070000e-02 3
0 3 0 0 0 0 14 5 0 0 0 E A 3 3.78292695e+03 2.47490000e-02 2
0 3 0 0 0 0 12 2 0 0 0 E A 3 3.56535335e+03 2.47490000e-02 2
0 3 0 0 0 0 13 4 0 0 0 E A 3 3.66986621e+03 3.50000000e-02 1
0 3 0 0 0 0 15 4 0 0 0 E A 3 3.90665665e+03 3.50000000e-02 1
0 3 0 0 0 0 15 5 0 0 0 E A 3 3.90538230e+03 3.50000000e-02 1
0 3 0 0 0 0 16 10 0 0 0 E A 3 4.03155276e+03 3.50000000e-02 1
0 3 0 0 0 0 1 1 0 0 0 E A 3 2.94042820e+03 3.50000000e-02 1
0 3 0 0 0 0 10 2 0 0 0 E A 3 3.37794902e+03 2.47490000e-02 2
0 4 0 0 0 0 7 1 0 0 0 E A 3 4.10953943e+03 3.50000000e-02 1
0 4 0 0 0 0 8 1 0 0 0 E A 3 4.17302339e+03 2.47490000e-02 2
0 4 0 0 0 0 3 2 0 0 0 E A 3 3.93533695e+03 2.02070000e-02 3
0 4 0 0 0 0 4 2 0 0 0 E A 3 3.96699546e+03 2.02070000e-02 3
0 4 0 0 0 0 5 2 0 0 0 E A 3 4.00659667e+03 2.47490000e-02 2
0 4 0 0 0 0 6 2 0 0 0 E A 3 4.05414757e+03 2.02070000e-02 3
0 4 0 0 0 0 7 2 0 0 0 E A 3 4.10965959e+03 2.02070000e-02 3
0 4 0 0 0 0 8 2 0 0 0 E A 3 4.17312607e+03 2.47490000e-02 2
0 4 0 0 0 0 5 4 0 0 0 E A 3 4.00717156e+03 2.47490000e-02 2
0 4 0 0 0 0 6 4 0 0 0 E A 3 4.05467173e+03 2.47490000e-02 2
0 4 0 0 0 0 1 1 0 0 0 E A 3 3.89561589e+03 2.47490000e-02 2
0 4 0 0 0 0 3 1 0 0 0 E A 3 3.93517699e+03 2.02070000e-02 3
0 4 0 0 0 0 4 4 0 0 0 E A 3 3.96763216e+03 2.47490000e-02 2
0 4 0 0 0 0 7 4 0 0 0 E A 3 4.11014518e+03 2.47490000e-02 2
0 4 0 0 0 0 8 4 0 0 0 E A 3 4.17361516e+03 2.47490000e-02 2
0 4 0 0 0 0 5 5 0 0 0 E A 3 4.00764595e+03 2.47490000e-02 2
0 4 0 0 0 0 7 5 0 0 0 E A 3 4.11051346e+03 2.47490000e-02 2
0 4 0 0 0 0 8 5 0 0 0 E A 3 4.17394304e+03 2.47490000e-02 2
0 4 0 0 0 0 10 5 0 0 0 E A 3 4.32498733e+03 3.50000000e-02 1
0 4 0 0 0 0 7 7 0 0 0 E A 3 4.11159631e+03 2.47490000e-02 2
0 4 0 0 0 0 8 7 0 0 0 E A 3 4.17482358e+03 2.47490000e-02 2
0 4 0 0 0 0 9 7 0 0 0 E A 3 4.24614778e+03 3.50000000e-02 1
0 4 0 0 0 0 10 8 0 0 0 E A 3 4.32588322e+03 3.50000000e-02 1
0 4 0 0 0 0 2 1 0 0 0 E A 3 3.91143721e+03 3.50000000e-02 1
0 4 0 0 0 0 4 1 0 0 0 E A 3 3.96684790e+03 2.47490000e-02 2
0 4 0 0 0 0 5 1 0 0 0 E A 3 4.00645543e+03 3.50000000e-02 1
0 4 0 0 0 0 6 1 0 0 0 E A 3 4.05401620e+03 2.47490000e-02 2
0 4 0 0 0 0 2 2 0 0 0 E A 3 3.91161014e+03 3.50000000e-02 1
0 4 0 0 0 0 6 5 0 0 0 E A 3 4.05508945e+03 3.50000000e-02 1
0 0 0 1 0 -1 17 16 0 1 1 E E 3 2.27762472e+03 1.76700000e-03 3
0 0 0 1 0 -1 17 15 0 1 1 A E 3 2.30147386e+03 5.00000000e-02 1
0 0 0 1 0 -1 16 15 0 1 1 A E 3 2.14812662e+03 5.00000000e-02 1
0 0 0 1 0 -1 15 15 0 1 1 A E 3 2.00281486e+03 2.49700000e-03 2
0 0 0 1 0 -1 16 13 0 1 1 E E 3 2.19111645e+03 5.00000000e-02 1
0 0 0 1 0 -1 15 13 0 1 1 E E 3 2.04732650e+03 2.49700000e-03 2
0 0 0 1 0 -1 14 13 0 1 1 E E 3 1.91183656e+03 5.00000000e-02 1
0 0 0 1 0 -1 16 10 0 1 1 E E 3 2.24272692e+03 3.53550000e-02 2
0 0 0 1 0 -1 16 9 0 1 1 A E 3 2.25692530e+03 3.53550000e-02 2
0 0 0 1 0 -1 13 13 0 1 1 E E 3 1.78463614e+03 5.00000000e-02 1
0 0 0 0 0 0 18 11 0 0 0 E A 3 1.44585054e+03 1.24900000e-03 6
0 1 0 0 0 0 18 11 0 0 0 E A 3 2.40907033e+03 1.76700000e-03 3
0 0 0 1 0 -1 13 12 0 1 1 A E 3 1.80509711e+03 5.00000000e-02 1
0 0 0 0 0 0 19 14 0 0 0 E A 3 1.57378313e+03 1.25000000e-03 5
0 1 0 0 0 0 19 14 0 0 0 E A 3 2.54254233e+03 1.44200000e-03 5
0 0 0 0 0 0 18 13 0 0 0 E A 3 1.42107699e+03 1.44200000e-03 6
0 0 0 1 0 -1 12 12 0 1 1 A E 3 1.68695647e+03 1.76700000e-03 3
0 0 0 0 0 0 18 14 0 0 0 E A 3 1.40687849e+03 1.11700000e-03 8
0 1 0 0 0 0 18 14 0 0 0 E A 3 2.38057218e+03 1.44200000e-03 5
0 0 0 0 0 0 19 16 0 0 0 E A 3 1.54192078e+03 1.25000000e-03 5
0 1 0 0 0 0 19 16 0 0 0 E A 3 2.51951554e+03 1.44200000e-03 5
0 0 0 1 0 -1 15 4 0 1 1 E E 3 2.15992956e+03 3.53550000e-02 2
0 1 0 0 0 0 16 16 0 0 0 E A 3 2.06056572e+03 2.49800000e-03 2
0 0 0 0 0 0 20 20 0 0 0 E A 3 1.63821595e+03 2.49700000e-03 2
0 1 0 0 0 0 20 20 0 0 0 E A 3 2.63523595e+03 5.00000000e-02 1
0 0 0 1 0 -1 9 9 0 1 1 A E 3 1.43983716e+03 5.00000000e-02 1
0 0 0 0 0 0 17 1 0 0 0 E A 3 1.34166807e+03 1.11700000e-03 7
0 0 0 1 0 1 16 2 0 1 1 E E 3 2.35326527e+03 3.53550000e-02 2
0 0 0 0 0 0 17 2 0 0 0 E A 3 1.34021153e+03 1.24900000e-03 7
0 0 0 1 0 1 16 3 0 1 1 A E 3 2.35177753e+03 5.00000000e-02 1
0 0 0 1 0 1 16 6 0 1 1 A E 3 2.34151665e+03 5.00000000e-02 1
0 0 0 1 0 1 15 2 0 1 1 E E 3 2.20908550e+03 4.94970000e-02 2
0 0 0 1 0 1 15 3 0 1 1 A E 3 2.20764431e+03 3.53550000e-02 2
0 0 0 1 0 1 14 2 0 1 1 E E 3 2.07349056e+03 3.53550000e-02 2
0 0 0 1 0 1 14 9 0 1 1 A E 3 2.04256665e+03 2.50000000e-02 4
0 0 0 1 0 1 13 2 0 1 1 E E 3 1.94666966e+03 2.88680000e-02 3
0 0 0 1 0 1 12 2 0 1 1 E E 3 1.82861391e+03 2.88680000e-02 3
0 0 0 1 0 1 12 8 0 1 1 E E 3 1.80538787e+03 2.57840000e-02 4
0 0 0 1 0 1 12 0 0 1 1 A E 3 1.80588018e+03 2.50000000e-02 4
0 0 0 1 0 -1 4 4 0 1 1 E E 3 1.17609499e+03 5.00000000e-02 1
0 0 0 1 0 -1 1 1 0 1 1 E E 3 1.11479214e+03 5.00000000e-02 1
0 1 0 0 0 0 17 1 0 0 0 E A 3 2.29399134e+03 1.76700000e-03 3
0 1 0 0 0 0 18 1 0 0 0 E A 3 2.44779267e+03 1.44300000e-03 4
0 1 0 0 0 0 18 2 0 0 0 E A 3 2.44668907e+03 1.44300000e-03 4
0 1 0 0 0 0 18 4 0 0 0 E A 3 2.44224269e+03 2.49700000e-03 2
0 0 0 0 0 0 18 2 0 0 0 E A 3 1.50379749e+03 2.49700000e-03 2
0 1 0 0 0 0 19 2 0 0 0 E A 3 2.61505480e+03 1.44300000e-03 4
0 0 0 0 0 0 18 4 0 0 0 E A 3 1.49801020e+03 1.76700000e-03 3
0 1 0 0 0 0 19 4 0 0 0 E A 3 2.61060455e+03 1.25000000e-03 5
0 0 0 1 0 -1 16 7 0 1 1 E E 3 2.27501819e+03 5.00000000e-02 1
0 0 0 0 0 0 19 1 0 0 0 E A 3 1.66483432e+03 1.25000000e-03 5
0 1 0 0 0 0 20 1 0 0 0 E A 3 2.78043799e+03 2.49700000e-03 2
0 0 0 1 0 -1 16 6 0 1 1 A E 3 2.28499413e+03 5.00000000e-02 1
0 0 0 0 0 0 18 7 0 0 0 E A 3 1.48191361e+03 9.45000000e-04 8
0 1 0 0 0 0 19 7 0 0 0 E A 3 2.59834795e+03 1.25000000e-03 5
0 0 0 0 0 0 19 4 0 0 0 E A 3 1.66387733e+03 1.25000000e-03 5
0 1 0 0 0 0 20 4 0 0 0 E A 3 2.78110111e+03 1.44300000e-03 4
0 0 0 0 0 0 18 8 0 0 0 E A 3 1.47450710e+03 2.49700000e-03 2
0 1 0 0 0 0 19 8 0 0 0 E A 3 2.59273525e+03 1.25000000e-03 5
0 0 0 0 0 0 19 5 0 0 0 E A 3 1.65336862e+03 1.76700000e-03 3
0 1 0 0 0 0 20 5 0 0 0 E A 3 2.77157016e+03 1.76700000e-03 3
0 0 0 1 0 -1 16 4 0 1 1 E E 3 2.30123301e+03 5.00000000e-02 1
0 0 0 0 0 0 19 7 0 0 0 E A 3 1.64796045e+03 1.02000000e-03 7
0 1 0 0 0 0 20 7 0 0 0 E A 3 2.76886818e+03 1.44300000e-03 4
0 0 0 1 0 -1 15 3 0 1 1 A E 3 2.16615626e+03 5.00000000e-02 1
0 0 0 1 0 -1 16 3 0 1 1 A E 3 2.30721089e+03 5.00000000e-02 1
0 0 0 1 0 1 15 15 0 1 1 A E 3 2.10882835e+03 3.53550000e-02 2
0 0 0 1 0 -1 14 1 0 1 1 E E 3 2.04173122e+03 2.88680000e-02 3
0 0 0 1 0 1 17 17 0 1 1 E E 3 2.37076158e+03 3.53550000e-02 2
0 0 0 1 0 1 16 15 0 1 1 A E 3 2.25376535e+03 3.53550000e-02 2
0 0 0 1 0 1 16 14 0 1 1 E E 3 2.26979981e+03 3.53550000e-02 2
0 0 0 1 0 1 17 12 0 1 1 A E 3 2.45021342e+03 3.53550000e-02 2
0 0 0 0 0 0 18 10 0 0 0 E A 3 1.45650431e+03 1.02000000e-03 7
0 1 0 0 0 0 19 10 0 0 0 E A 3 2.57917404e+03 1.44300000e-03 4
0 0 0 1 0 1 13 0 0 1 1 A E 3 1.92053565e+03 5.00000000e-02 1
0 0 0 1 0 -1 16 1 0 1 1 E E 3 2.31531183e+03 5.00000000e-02 1
0 0 0 1 0 -1 17 1 0 1 1 E E 3 2.46465553e+03 5.00000000e-02 1
0 1 0 0 0 0 19 11 0 0 0 E A 3 2.57120788e+03 1.76700000e-03 3
0 0 0 0 0 0 19 10 0 0 0 E A 3 1.62283831e+03 1.02000000e-03 7
0 1 0 0 0 0 20 10 0 0 0 E A 3 2.74970332e+03 1.44300000e-03 4
0 0 0 0 0 0 19 11 0 0 0 E A 3 1.60611217e+03 1.44300000e-03 4
0 1 0 0 0 0 20 11 0 0 0 E A 3 2.73551795e+03 1.76700000e-03 3
0 1 0 0 0 0 19 13 0 0 0 E A 3 2.55286837e+03 1.44300000e-03 4
0 0 0 1 0 1 17 15 0 1 1 A E 3 2.40738214e+03 5.00000000e-02 1
0 0 0 1 0 1 17 14 0 1 1 E E 3 2.42318803e+03 2.49700000e-03 2
0 0 0 1 0 1 17 8 0 1 1 E E 3 2.48227113e+03 5.00000000e-02 1
0 0 0 1 0 1 18 17 0 1 1 E E 3 2.53356562e+03 5.00000000e-02 1
0 0 0 1 0 1 18 15 0 1 1 A E 3 2.56960145e+03 5.00000000e-02 1
0 0 0 1 0 1 18 14 0 1 1 E E 3 2.58516909e+03 2.49700000e-03 2
0 0 0 1 0 1 18 12 0 1 1 A E 3 2.61169226e+03 2.49700000e-03 2
0 0 0 1 0 1 18 11 0 1 1 E E 3 2.62353318e+03 1.76700000e-03 3
0 0 0 1 0 1 19 18 0 1 1 A E 3 2.68460797e+03 2.49700000e-03 2
0 0 0 1 0 1 19 17 0 1 1 E E 3 2.70491126e+03 1.76700000e-03 3
0 0 0 1 0 1 19 15 0 1 1 A E 3 2.74034349e+03 5.00000000e-02 1
0 0 0 1 0 1 19 14 0 1 1 E E 3 2.75565873e+03 2.49700000e-03 2
0 0 1 0 1 0 13 12 1 0 1 A E 3 3.04965936e+03 4.26000000e-03 3
0 0 1 0 1 0 13 11 1 0 1 E E 3 3.06145582e+03 3.20700000e-03 3
0 0 1 0 1 0 13 8 1 0 1 E E 3 3.08341108e+03 3.92700000e-03 3
1 0 0 0 0 0 13 2 0 0 0 E A 3 3.10679203e+03 2.77400000e-03 4
1 0 0 0 0 0 13 1 0 0 0 E A 3 3.10849562e+03 3.47400000e-03 4
1 0 0 0 0 0 13 5 0 0 0 E A 3 3.09698987e+03 3.09300000e-03 3
1 0 0 0 0 0 13 13 0 0 0 E A 3 3.02960214e+03 3.53600000e-03 2
1 0 0 0 0 0 13 11 0 0 0 E A 3 3.05558838e+03 3.53600000e-03 2
1 0 0 0 0 0 13 10 0 0 0 E A 3 3.06684408e+03 7.07100000e-03 2
1 0 0 0 0 0 13 8 0 0 0 E A 3 3.07991608e+03 2.88700000e-03 3
1 0 0 0 0 0 13 7 0 0 0 E A 3 3.08796220e+03 3.84900000e-03 3
0 0 1 0 1 0 13 6 1 0 1 A E 3 3.10095571e+03 2.88700000e-03 3
0 0 1 0 -1 0 12 10 1 0 1 E E 3 2.95773765e+03 5.00000000e-03 1
0 0 1 0 1 0 13 5 1 0 1 E E 3 3.10597752e+03 4.41900000e-03 3
0 0 1 0 1 0 13 3 1 0 1 A E 3 3.11314773e+03 3.43500000e-03 4
0 0 1 0 1 0 13 2 1 0 1 E E 3 3.11534936e+03 5.03200000e-03 3
0 0 1 0 1 0 12 9 1 0 1 A E 3 2.96147836e+03 3.33300000e-03 3
0 0 1 0 1 0 12 8 1 0 1 E E 3 2.96989687e+03 3.20700000e-03 3
0 0 1 0 1 0 13 0 1 0 1 A E 3 3.11777446e+03 4.18000000e-03 2
1 0 0 0 0 0 12 2 0 0 0 E A 3 2.99360393e+03 3.15900000e-03 3
1 0 0 0 0 0 12 1 0 0 0 E A 3 2.99532819e+03 3.15900000e-03 3
1 0 0 0 0 0 12 5 0 0 0 E A 3 2.98338094e+03 3.15900000e-03 3
0 0 1 0 -1 0 13 1 1 0 1 E E 3 3.11755578e+03 5.00000000e-03 1
1 0 0 0 0 0 12 4 0 0 0 E A 3 2.98867833e+03 3.66300000e-03 3
1 0 0 0 0 0 12 11 0 0 0 E A 3 2.94133803e+03 3.93100000e-03 2
1 0 0 0 0 0 12 10 0 0 0 E A 3 2.95262844e+03 3.53600000e-03 2
0 0 1 0 -1 0 13 3 1 0 1 A E 3 3.11364460e+03 3.55600000e-03 3
1 0 0 0 0 0 12 8 0 0 0 E A 3 2.96572934e+03 3.23400000e-03 3
1 0 0 0 0 0 12 7 0 0 0 E A 3 2.97376757e+03 3.15600000e-03 3
0 0 1 0 1 0 12 5 1 0 1 E E 3 2.99192485e+03 1.23500000e-03 6
0 0 1 0 -1 0 13 4 1 0 1 E E 3 3.11073612e+03 3.53600000e-03 2
0 0 1 0 1 0 12 3 1 0 1 A E 3 2.99933356e+03 1.51900000e-03 5
0 0 1 0 1 0 12 2 1 0 1 E E 3 3.00162130e+03 1.49000000e-03 5
0 0 1 0 1 0 11 9 1 0 1 A E 3 2.85647395e+03 3.42800000e-03 3
0 0 1 0 1 0 12 0 1 0 1 A E 3 3.00393457e+03 1.40500000e-03 5
0 0 1 0 1 0 11 8 1 0 1 E E 3 2.86494557e+03 3.23400000e-03 3
1 0 0 0 0 0 11 2 0 0 0 E A 3 2.88897763e+03 5.03000000e-03 2
1 0 0 0 0 0 11 1 0 0 0 E A 3 2.89072433e+03 3.53600000e-03 2
1 0 0 0 0 0 11 5 0 0 0 E A 3 2.87847010e+03 4.00500000e-03 3
1 0 0 0 0 0 11 4 0 0 0 E A 3 2.88367839e+03 3.53300000e-03 3
1 0 0 0 0 0 11 11 0 0 0 E A 3 2.83578944e+03 4.95000000e-03 2
1 0 0 0 0 0 11 10 0 0 0 E A 3 2.84716199e+03 1.88600000e-03 3
1 0 0 0 0 0 11 8 0 0 0 E A 3 2.86024485e+03 1.76500000e-03 4
1 0 0 0 0 0 11 7 0 0 0 E A 3 2.86829284e+03 1.83600000e-03 4
0 0 1 0 1 0 11 6 1 0 1 A E 3 2.88142365e+03 1.46000000e-03 5
0 0 1 0 1 0 11 5 1 0 1 E E 3 2.88657993e+03 1.39400000e-03 5
0 0 1 0 -1 0 12 4 1 0 1 E E 3 2.99696789e+03 3.10700000e-03 3
0 0 1 0 1 0 11 3 1 0 1 A E 3 2.89414574e+03 1.23000000e-03 6
0 0 1 0 1 0 11 2 1 0 1 E E 3 2.89651535e+03 1.38400000e-03 5
0 0 1 0 1 0 11 0 1 0 1 A E 3 2.89877544e+03 1.41700000e-03 5
0 0 1 0 1 0 10 9 1 0 1 A E 3 2.76004716e+03 1.79900000e-03 4
0 0 1 0 1 0 10 8 1 0 1 E E 3 2.76860700e+03 1.94000000e-03 4
1 0 0 0 0 0 10 2 0 0 0 E A 3 2.79294063e+03 1.88600000e-03 3
1 0 0 0 0 0 10 5 0 0 0 E A 3 2.78223179e+03 4.25300000e-03 3
1 0 0 0 0 0 10 1 0 0 0 E A 3 2.79469186e+03 1.44000000e-03 4
1 0 0 0 0 0 10 4 0 0 0 E A 3 2.78735898e+03 1.76500000e-03 4
1 0 0 0 0 0 10 10 0 0 0 E A 3 2.75032517e+03 4.37100000e-03 2
1 0 0 0 0 0 10 8 0 0 0 E A 3 2.76347114e+03 1.81000000e-03 4
1 0 0 0 0 0 10 7 0 0 0 E A 3 2.77152760e+03 1.41100000e-03 5
0 0 1 0 -1 0 11 3 1 0 1 A E 3 2.89482199e+03 1.96900000e-03 4
0 0 1 0 1 0 10 5 1 0 1 E E 3 2.78991344e+03 1.19700000e-03 6
0 0 1 0 -1 0 11 4 1 0 1 E E 3 2.89183567e+03 3.10700000e-03 3
0 0 1 0 1 0 10 2 1 0 1 E E 3 2.80005448e+03 1.38400000e-03 5
0 0 1 0 1 0 9 9 1 0 1 A E 3 2.67225919e+03 1.90300000e-03 4
0 0 1 0 1 0 9 8 1 0 1 E E 3 2.68091515e+03 1.90000000e-03 4
1 0 0 0 0 0 9 2 0 0 0 E A 3 2.70552875e+03 4.18000000e-03 2
1 0 0 0 0 0 9 5 0 0 0 E A 3 2.69465055e+03 1.96700000e-03 3
1 0 0 0 0 0 9 1 0 0 0 E A 3 2.70727544e+03 1.07700000e-03 6
1 0 0 0 0 0 9 4 0 0 0 E A 3 2.69973173e+03 1.45800000e-03 5
1 0 0 0 0 0 9 8 0 0 0 E A 3 2.67542401e+03 1.45500000e-03 5
1 0 0 0 0 0 9 7 0 0 0 E A 3 2.68348408e+03 1.39500000e-03 5
0 0 1 0 -1 0 10 4 1 0 1 E E 3 2.79534143e+03 3.10700000e-03 3
0 0 1 0 1 0 9 3 1 0 1 A E 3 2.70977887e+03 1.38400000e-03 5
0 0 1 0 -1 0 10 7 1 0 1 E E 3 2.77913655e+03 1.18900000e-03 6
1 0 0 0 0 0 8 5 0 0 0 E A 3 2.61576127e+03 1.43400000e-03 5
1 0 0 0 0 0 8 2 0 0 0 E A 3 2.62676870e+03 1.49300000e-03 5
1 0 0 0 0 0 8 1 0 0 0 E A 3 2.62849848e+03 1.47800000e-03 4
1 0 0 0 0 0 8 4 0 0 0 E A 3 2.62080525e+03 1.52300000e-03 5
1 0 0 0 0 0 8 8 0 0 0 E A 3 2.59611781e+03 3.53600000e-03 2
1 0 0 0 0 0 8 7 0 0 0 E A 3 2.60418024e+03 1.85900000e-03 4
0 0 1 0 -1 0 9 3 1 0 1 A E 3 2.71058220e+03 1.40600000e-03 5
0 0 1 0 -1 0 10 9 1 0 1 A E 3 2.77006660e+03 1.44000000e-03 4
0 0 1 0 -1 0 10 10 1 0 1 E E 3 2.76078457e+03 2.03700000e-03 2
0 0 1 0 1 0 8 2 1 0 1 E E 3 2.63319290e+03 1.20100000e-03 6
0 0 1 0 -1 0 8 1 1 0 1 E E 3 2.63507966e+03 1.22400000e-03 6
1 0 0 0 0 0 7 5 0 0 0 E A 3 2.54559329e+03 1.91300000e-03 4
1 0 0 0 0 0 7 2 0 0 0 E A 3 2.55668586e+03 1.38400000e-03 5
1 0 0 0 0 0 7 1 0 0 0 E A 3 2.55838572e+03 1.23300000e-03 6
1 0 0 0 0 0 7 4 0 0 0 E A 3 2.55060048e+03 1.42500000e-03 5
1 0 0 0 0 0 7 7 0 0 0 E A 3 2.53363914e+03 1.88600000e-03 3
0 0 1 0 -1 0 9 9 1 0 1 A E 3 2.68195024e+03 2.03700000e-03 2
0 0 1 0 -1 0 8 4 1 0 1 E E 3 2.62836194e+03 1.18900000e-03 6
0 0 1 0 1 0 7 3 1 0 1 A E 3 2.56026891e+03 1.24000000e-03 6
0 0 1 0 1 0 7 2 1 0 1 E E 3 2.56284374e+03 1.46200000e-03 5
0 0 1 0 1 0 7 0 1 0 1 A E 3 2.56509055e+03 1.45900000e-03 5
0 0 1 0 -1 0 8 7 1 0 1 E E 3 2.61211688e+03 1.47200000e-03 4
1 0 0 0 0 0 6 2 0 0 0 E A 3 2.49530197e+03 1.43300000e-03 5
1 0 0 0 0 0 6 1 0 0 0 E A 3 2.49696270e+03 1.98400000e-03 4
1 0 0 0 0 0 6 4 0 0 0 E A 3 2.48913452e+03 1.49400000e-03 5
1 0 0 0 0 0 6 5 0 0 0 E A 3 2.48497299e+03 1.23500000e-03 6
0 0 1 0 1 0 6 0 1 0 1 A E 3 2.50350106e+03 1.20900000e-03 6
0 0 1 0 -1 0 7 7 1 0 1 E E 3 2.54168414e+03 2.14000000e-03 2
1 0 0 0 0 0 5 2 0 0 0 E A 3 2.44263708e+03 1.19500000e-03 6
1 0 0 0 0 0 5 1 0 0 0 E A 3 2.44425580e+03 3.85600000e-03 3
1 0 0 0 0 0 5 4 0 0 0 E A 3 2.43642443e+03 1.46400000e-03 5
1 0 0 0 0 0 5 5 0 0 0 E A 3 2.43180872e+03 1.47500000e-03 4
0 0 1 0 -1 0 6 6 1 0 1 A E 3 2.48637976e+03 7.61500000e-03 1
0 0 1 0 1 0 5 0 1 0 1 A E 3 2.45067888e+03 1.46200000e-03 5
1 0 0 0 0 0 4 1 0 0 0 E A 3 2.40028994e+03 1.43300000e-03 5
1 0 0 0 0 0 4 2 0 0 0 E A 3 2.39870718e+03 1.22300000e-03 6
1 0 0 0 0 0 4 4 0 0 0 E A 3 2.39248918e+03 1.96700000e-03 3
1 0 0 0 0 0 3 1 0 0 0 E A 3 2.36508465e+03 1.50800000e-03 5
1 0 0 0 0 0 3 2 0 0 0 E A 3 2.36352192e+03 1.17600000e-03 6
0 0 1 0 -1 0 4 4 1 0 1 E E 3 2.39922028e+03 1.50400000e-03 3
1 0 0 0 0 0 2 1 0 0 0 E A 3 2.33866330e+03 1.20100000e-03 6
1 0 0 0 0 0 2 2 0 0 0 E A 3 2.33709603e+03 1.97400000e-03 3
0 0 1 0 -1 0 3 3 1 0 1 A E 3 2.36730490e+03 2.03700000e-03 2
1 0 0 0 0 0 1 1 0 0 0 E A 3 2.32103982e+03 1.88600000e-03 3
0 0 1 0 1 0 12 12 1 0 1 A E 3 2.93562289e+03 3.53600000e-03 2
0 0 1 0 1 0 13 9 1 0 1 A E 3 3.07516626e+03 3.53600000e-03 2
0 0 1 0 1 0 12 11 1 0 1 E E 3 2.94752042e+03 3.53600000e-03 2
0 0 1 0 1 0 11 11 1 0 1 E E 3 2.84224453e+03 3.53600000e-03 2
1 0 0 0 0 0 13 4 0 0 0 E A 3 3.10242404e+03 4.27900000e-03 2
0 0 1 0 1 0 8 8 1 0 1 E E 3 2.60189441e+03 1.88600000e-03 3
0 0 1 0 -1 0 12 7 1 0 1 E E 3 2.98099607e+03 3.96500000e-03 2
0 0 1 0 -1 0 11 7 1 0 1 E E 3 2.87569744e+03 1.48000000e-03 4
0 0 1 0 -1 0 11 9 1 0 1 A E 3 2.86701868e+03 2.03700000e-03 2
0 0 1 0 -1 0 11 10 1 0 1 E E 3 2.85795376e+03 1.50400000e-03 3
0 0 0 2 0 0 9 8 0 0 0 E A 3 2.58929421e+03 1.57700000e-03 2
0 0 0 2 0 0 8 7 0 0 0 E A 3 2.51745613e+03 1.28700000e-03 3
0 0 0 2 0 0 6 5 0 0 0 E A 3 2.39751645e+03 1.28700000e-03 3
0 1 0 1 0 -1 11 7 0 1 1 E E 3 2.62632780e+03 2.23000000e-03 1
0 0 0 2 0 0 7 1 0 0 0 E A 3 2.47499529e+03 1.28700000e-03 3
0 0 0 2 0 0 8 2 0 0 0 E A 3 2.54451586e+03 1.57700000e-03 2
0 0 0 2 0 2 1 0 0 2 2 A E 3 2.23585486e+03 1.57700000e-03 2
0 0 0 2 0 2 2 0 0 2 2 A E 3 2.25449595e+03 1.28700000e-03 3
0 0 0 2 0 0 9 7 0 0 0 E A 3 2.60254154e+03 1.57700000e-03 2
0 0 0 2 0 -2 2 2 0 2 2 E E 3 2.23719357e+03 2.23000000e-03 1
0 0 0 2 0 0 10 8 0 0 0 E A 3 2.68355845e+03 1.57700000e-03 2
0 1 0 1 0 -1 11 6 0 1 1 A E 3 2.63558085e+03 2.23000000e-03 1
0 0 0 2 0 -2 3 3 0 2 2 A E 3 2.25412729e+03 1.57700000e-03 2
0 0 0 2 0 0 13 11 0 0 0 E A 3 2.97897099e+03 1.57700000e-03 2
0 0 0 2 0 -2 5 5 0 2 2 E E 3 2.31120528e+03 2.23000000e-03 1
0 0 0 2 0 -2 6 6 0 2 2 A E 3 2.35133930e+03 2.23000000e-03 1
0 0 0 2 0 0 10 7 0 0 0 E A 3 2.69648715e+03 1.28700000e-03 3
0 1 0 1 0 -1 11 3 0 1 1 A E 3 2.65741622e+03 1.57700000e-03 2
0 0 0 2 0 2 5 0 0 2 2 A E 3 2.36696123e+03 1.57700000e-03 2
0 0 0 2 0 0 11 8 0 0 0 E A 3 2.78657887e+03 1.28700000e-03 3
0 0 0 2 0 2 2 1 0 2 2 E E 3 2.26077973e+03 1.57700000e-03 2
0 0 0 2 0 2 6 0 0 2 2 A E 3 2.42332394e+03 1.28700000e-03 3
0 0 0 2 0 0 2 1 0 0 0 E A 3 2.24577617e+03 1.57700000e-03 2
0 0 0 2 0 2 3 1 0 2 2 E E 3 2.28878201e+03 1.57700000e-03 2
0 0 0 2 0 -2 3 2 0 2 2 E E 3 2.26509629e+03 1.57700000e-03 2
0 1 0 1 0 -1 10 10 0 1 1 E E 3 2.50302557e+03 2.23000000e-03 1
0 0 0 2 0 0 11 7 0 0 0 E A 3 2.79905405e+03 1.57700000e-03 2
0 0 0 2 0 0 12 8 0 0 0 E A 3 2.89812990e+03 2.23000000e-03 1
0 0 0 2 0 -2 4 3 0 2 2 A E 3 2.29132546e+03 1.57700000e-03 2
0 0 0 2 0 2 7 0 0 2 2 A E 3 2.48894893e+03 2.23000000e-03 1
0 0 0 2 0 2 5 1 0 2 2 E E 3 2.37296375e+03 1.28700000e-03 3
0 0 0 2 0 -2 6 5 0 2 2 E E 3 2.36697916e+03 2.23000000e-03 1
0 0 0 2 0 -2 7 6 0 2 2 A E 3 2.41639283e+03 2.23000000e-03 1
0 0 0 2 0 2 8 0 0 2 2 A E 3 2.56365883e+03 1.57700000e-03 2
0 0 0 2 0 2 6 1 0 2 2 E E 3 2.42905616e+03 1.57700000e-03 2
0 0 0 2 0 0 3 2 0 0 0 E A 3 2.27131575e+03 1.28700000e-03 3
0 0 0 2 0 -2 4 2 0 2 2 E E 3 2.30279316e+03 2.23000000e-03 1
0 1 0 1 0 -1 11 1 0 1 1 E E 3 2.66663594e+03 1.57700000e-03 2
0 0 0 2 0 2 10 0 0 2 2 A E 3 2.73972290e+03 2.23000000e-03 1
0 0 0 2 0 -2 7 5 0 2 2 E E 3 2.43123651e+03 1.57700000e-03 2
0 0 0 2 0 2 4 3 0 2 2 A E 3 2.33383729e+03 1.57700000e-03 2
0 0 0 2 0 2 9 1 0 2 2 E E 3 2.65164349e+03 1.57700000e-03 2
0 0 0 2 0 2 5 3 0 2 2 A E 3 2.38055402e+03 1.28700000e-03 3
0 1 0 1 0 1 14 8 0 1 1 E E 3 3.01434402e+03 1.57700000e-03 2
0 0 0 2 0 0 4 2 0 0 0 E A 3 2.30836405e+03 2.23000000e-03 1
0 0 0 2 0 -2 11 9 0 2 2 A E 3 2.71199795e+03 2.23000000e-03 1
0 0 0 2 0 2 10 1 0 2 2 E E 3 2.74357320e+03 1.57700000e-03 2
0 0 0 2 0 0 4 1 0 0 0 E A 3 2.31076876e+03 1.28700000e-03 3
0 0 0 2 0 2 6 3 0 2 2 A E 3 2.43678881e+03 1.57700000e-03 2
0 1 0 1 0 -1 10 7 0 1 1 E E 3 2.53070952e+03 2.23000000e-03 1
0 1 0 1 0 -1 10 6 0 1 1 A E 3 2.54003470e+03 2.23000000e-03 1
0 0 0 2 0 2 7 3 0 2 2 A E 3 2.50258513e+03 1.57700000e-03 2
0 0 0 2 0 2 8 3 0 2 2 A E 3 2.57790353e+03 1.28700000e-03 3
0 0 0 2 0 2 4 0 0 2 2 A E 3 2.32000738e+03 1.57700000e-03 2
0 0 0 2 0 0 5 1 0 0 0 E A 3 2.35669600e+03 1.57700000e-03 2
0 1 0 1 0 1 14 9 0 1 1 A E 3 3.00984554e+03 2.23000000e-03 1
0 0 0 2 0 0 6 4 0 0 0 E A 3 2.39881856e+03 1.28700000e-03 3
0 0 0 2 0 -2 9 5 0 2 2 E E 3 2.58576414e+03 2.23000000e-03 1
0 0 0 2 0 -2 6 2 0 2 2 E E 3 2.40735925e+03 2.23000000e-03 1
0 0 0 2 0 2 4 1 0 2 2 E E 3 2.32617838e+03 1.57700000e-03 2
0 0 0 2 0 0 6 2 0 0 0 E A 3 2.40895224e+03 2.23000000e-03 1
0 0 0 2 0 2 7 6 0 2 2 A E 3 2.50091537e+03 1.57700000e-03 2
0 0 0 2 0 0 6 1 0 0 0 E A 3 2.41141882e+03 1.57700000e-03 2
0 0 0 2 0 2 8 6 0 2 2 A E 3 2.57537828e+03 1.28700000e-03 3
0 1 0 1 0 -1 14 4 0 1 1 E E 3 2.98833131e+03 2.23000000e-03 1
0 0 0 2 0 0 7 4 0 0 0 E A 3 2.46208921e+03 1.28700000e-03 3
0 1 0 1 0 1 13 6 0 1 1 A E 3 2.89870130e+03 1.57700000e-03 2
0 0 0 2 0 2 9 6 0 2 2 A E 3 2.65919589e+03 1.57700000e-03 2
0 1 0 1 0 -1 10 4 0 1 1 E E 3 2.55578401e+03 2.23000000e-03 1
0 0 0 2 0 2 8 7 0 2 2 E E 3 2.57201061e+03 1.57700000e-03 2
0 0 0 2 0 0 7 2 0 0 0 E A 3 2.47234806e+03 1.57700000e-03 2
0 0 0 2 0 2 10 6 0 2 2 A E 3 2.75234835e+03 1.57700000e-03 2
0 0 0 2 0 2 9 7 0 2 2 E E 3 2.65572323e+03 1.57700000e-03 2
0 0 0 2 0 0 7 5 0 0 0 E A 3 2.46416126e+03 2.23000000e-03 1
0 0 0 2 0 0 8 4 0 0 0 E A 3 2.53418430e+03 1.28700000e-03 3
0 0 0 2 0 2 10 7 0 2 2 E E 3 2.74868814e+03 1.57700000e-03 2
0 0 0 2 0 2 11 6 0 2 2 A E 3 2.85475124e+03 1.57700000e-03 2
0 1 0 1 0 -1 10 3 0 1 1 A E 3 2.56218530e+03 1.57700000e-03 2
0 1 0 1 0 -1 9 9 0 1 1 A E 3 2.42825514e+03 2.23000000e-03 1
0 0 0 2 0 0 10 2 0 0 0 E A 3 2.71453951e+03 1.57700000e-03 2
0 0 0 2 0 0 10 1 0 0 0 E A 3 2.71717998e+03 1.57700000e-03 2
0 1 0 1 0 1 13 8 0 1 1 E E 3 2.89234869e+03 1.57700000e-03 2
0 1 0 1 0 -1 10 1 0 1 1 E E 3 2.57177086e+03 1.57700000e-03 2
0 2 0 0 0 0 3 2 0 0 0 E A 3 2.01319241e+03 1.57700000e-03 2
0 1 0 1 0 1 10 0 0 1 1 A E 3 2.57459714e+03 2.23000000e-03 1
0 1 0 1 0 -1 9 6 0 1 1 A E 3 2.45310318e+03 2.23000000e-03 1
0 0 0 2 0 0 13 10 0 0 0 E A 3 2.99603577e+03 2.23000000e-03 1
0 1 0 1 0 1 13 9 0 1 1 A E 3 2.88803765e+03 1.57700000e-03 2
0 1 0 1 0 1 12 6 0 1 1 A E 3 2.78510786e+03 1.57700000e-03 2
0 1 0 1 0 -1 9 4 0 1 1 E E 3 2.46900298e+03 2.23000000e-03 1
0 1 0 1 0 -1 13 10 0 1 1 E E 3 2.81629585e+03 2.23000000e-03 1
0 1 0 1 0 -1 9 3 0 1 1 A E 3 2.47551147e+03 1.57700000e-03 2
0 1 0 1 0 -1 13 9 0 1 1 A E 3 2.82837579e+03 2.23000000e-03 1
0 1 0 1 0 1 13 11 0 1 1 E E 3 2.88325184e+03 2.23000000e-03 1
0 1 0 1 0 -1 9 1 0 1 1 E E 3 2.48543550e+03 1.57700000e-03 2
0 1 0 1 0 -1 8 7 0 1 1 E E 3 2.36540590e+03 2.23000000e-03 1
0 1 0 1 0 -1 8 6 0 1 1 A E 3 2.37482126e+03 2.23000000e-03 1
0 1 0 1 0 1 11 6 0 1 1 A E 3 2.68035122e+03 1.57700000e-03 2
0 1 0 1 0 1 12 9 0 1 1 A E 3 2.77504870e+03 1.57700000e-03 2
0 1 0 1 0 -1 8 4 0 1 1 E E 3 2.39083277e+03 2.23000000e-03 1
0 1 0 1 0 -1 8 3 0 1 1 A E 3 2.39742721e+03 1.57700000e-03 2
0 1 0 1 0 1 11 8 0 1 1 E E 3 2.67482267e+03 1.57700000e-03 2
0 1 0 1 0 -1 7 7 0 1 1 E E 3 2.29578510e+03 2.23000000e-03 1
0 1 0 1 0 -1 8 1 0 1 1 E E 3 2.40764594e+03 1.57700000e-03 2
0 1 0 1 0 -1 7 6 0 1 1 A E 3 2.30521933e+03 2.23000000e-03 1
0 1 0 1 0 1 8 0 0 1 1 A E 3 2.41096572e+03 2.23000000e-03 1
0 2 0 0 0 0 1 1 0 0 0 E A 3 1.97230677e+03 1.57700000e-03 2
0 1 0 1 0 1 10 6 0 1 1 A E 3 2.58445194e+03 1.57700000e-03 2
0 1 0 1 0 1 11 9 0 1 1 A E 3 2.67089585e+03 2.23000000e-03 1
0 2 0 0 0 0 6 5 0 0 0 E A 3 2.13368495e+03 1.57700000e-03 2
0 1 0 1 0 -1 7 4 0 1 1 E E 3 2.32130631e+03 1.57700000e-03 2
0 2 0 0 0 0 8 2 0 0 0 E A 3 2.26228975e+03 2.23000000e-03 1
0 1 0 1 0 -1 7 3 0 1 1 A E 3 2.32796381e+03 1.57700000e-03 2
0 1 0 1 0 -1 13 7 0 1 1 E E 3 2.84330395e+03 2.23000000e-03 1
0 1 0 1 0 1 10 8 0 1 1 E E 3 2.57930718e+03 1.57700000e-03 2
0 2 0 0 0 0 11 8 0 0 0 E A 3 2.49919717e+03 1.57700000e-03 2
0 1 0 1 0 -1 6 6 0 1 1 A E 3 2.24432018e+03 2.23000000e-03 1
0 1 0 1 0 -1 13 6 0 1 1 A E 3 2.85236372e+03 2.23000000e-03 1
0 1 0 1 0 1 9 6 0 1 1 A E 3 2.49740975e+03 1.57700000e-03 2
0 1 0 1 0 1 7 0 0 1 1 A E 3 2.34198691e+03 1.57700000e-03 2
0 1 0 1 0 1 8 3 0 1 1 A E 3 2.42097505e+03 1.57700000e-03 2
0 1 0 1 0 1 10 9 0 1 1 A E 3 2.57558486e+03 1.28700000e-03 3
0 1 0 1 0 -1 6 4 0 1 1 E E 3 2.26044880e+03 2.23000000e-03 1
0 1 0 1 0 -1 6 3 0 1 1 A E 3 2.26715014e+03 2.23000000e-03 1
0 2 0 0 0 0 10 7 0 0 0 E A 3 2.41098858e+03 1.57700000e-03 2
0 2 0 0 0 0 12 1 0 0 0 E A 3 2.61312378e+03 2.23000000e-03 1
0 2 0 0 0 0 12 2 0 0 0 E A 3 2.61242583e+03 2.23000000e-03 1
0 1 0 1 0 1 8 5 0 1 1 E E 3 2.42086015e+03 1.57700000e-03 2
0 1 0 1 0 1 9 8 0 1 1 E E 3 2.49262305e+03 1.28700000e-03 3
0 1 0 1 0 1 7 2 0 1 1 E E 3 2.34976708e+03 1.57700000e-03 2
0 2 0 0 0 0 8 7 0 0 0 E A 3 2.25347599e+03 1.57700000e-03 2
0 1 0 1 0 -1 6 1 0 1 1 E E 3 2.27778656e+03 1.57700000e-03 2
0 2 0 0 0 0 11 5 0 0 0 E A 3 2.50757862e+03 2.23000000e-03 1
0 2 0 0 0 0 12 4 0 0 0 E A 3 2.60964472e+03 2.23000000e-03 1
0 1 0 1 0 1 8 6 0 1 1 A E 3 2.41921112e+03 1.57700000e-03 2
0 1 0 1 0 1 7 3 0 1 1 A E 3 2.35093427e+03 1.57700000e-03 2
0 1 0 1 0 1 6 0 0 1 1 A E 3 2.28156768e+03 1.57700000e-03 2
0 1 0 1 0 -1 5 4 0 1 1 E E 3 2.20828061e+03 2.23000000e-03 1
0 2 0 0 0 0 12 5 0 0 0 E A 3 2.60758019e+03 2.23000000e-03 1
0 1 0 1 0 -1 5 3 0 1 1 A E 3 2.21500853e+03 1.57700000e-03 2
0 2 0 0 0 0 9 8 0 0 0 E A 3 2.32515421e+03 1.57700000e-03 2
0 1 0 1 0 1 7 5 0 1 1 E E 3 2.35105643e+03 1.28700000e-03 3
0 2 0 0 0 0 11 7 0 0 0 E A 3 2.50236333e+03 2.23000000e-03 1
0 1 0 1 0 1 6 2 0 1 1 E E 3 2.28852657e+03 1.57700000e-03 2
0 1 0 1 0 1 8 8 0 1 1 E E 3 2.41474882e+03 2.23000000e-03 1
0 1 0 1 0 -1 5 1 0 1 1 E E 3 2.22576807e+03 1.57700000e-03 2
0 2 0 0 0 0 12 7 0 0 0 E A 3 2.60216749e+03 2.23000000e-03 1
0 1 0 1 0 1 6 3 0 1 1 A E 3 2.28979911e+03 1.28700000e-03 3
0 1 0 1 0 1 7 6 0 1 1 A E 3 2.34983490e+03 1.57700000e-03 2
0 1 0 1 0 1 5 0 0 1 1 A E 3 2.22971745e+03 1.57700000e-03 2
0 1 0 1 0 -1 4 4 0 1 1 E E 3 2.16481371e+03 2.23000000e-03 1
0 1 0 1 0 -1 4 3 0 1 1 A E 3 2.17155507e+03 2.23000000e-03 1
0 2 0 0 0 0 12 8 0 0 0 E A 3 2.59886238e+03 2.23000000e-03 1
0 1 0 1 0 1 6 5 0 1 1 E E 3 2.29019208e+03 1.28700000e-03 3
0 1 0 1 0 1 5 2 0 1 1 E E 3 2.23610275e+03 2.23000000e-03 1
0 1 0 1 0 -1 4 1 0 1 1 E E 3 2.18239170e+03 1.57700000e-03 2
0 1 0 1 0 -1 13 4 0 1 1 E E 3 2.86745228e+03 1.57700000e-03 2
0 1 0 1 0 1 5 3 0 1 1 A E 3 2.23751316e+03 1.28700000e-03 3
0 1 0 1 0 1 6 6 0 1 1 A E 3 2.28922711e+03 1.57700000e-03 2
0 1 0 1 0 1 4 0 0 1 1 A E 3 2.18645510e+03 2.23000000e-03 1
0 1 0 1 0 -1 3 3 0 1 1 A E 3 2.13679637e+03 2.23000000e-03 1
0 2 0 0 0 0 11 10 0 0 0 E A 3 2.49815135e+03 2.23000000e-03 1
0 2 0 0 0 0 12 10 0 0 0 E A 3 2.59743158e+03 1.57700000e-03 2
0 1 0 1 0 1 4 2 0 1 1 E E 3 2.19250896e+03 1.11500000e-03 4
0 2 0 0 0 0 13 10 0 0 0 E A 3 2.70516835e+03 2.23000000e-03 1
0 1 0 1 0 1 5 5 0 1 1 E E 3 2.23816158e+03 1.28700000e-03 3
0 1 0 1 0 -1 3 1 0 1 1 E E 3 2.14767711e+03 1.57700000e-03 2
0 1 0 1 0 1 4 3 0 1 1 A E 3 2.19405334e+03 1.28700000e-03 3
0 1 0 1 0 1 3 0 0 1 1 A E 3 2.15180763e+03 1.57700000e-03 2
0 1 0 1 0 1 3 2 0 1 1 E E 3 2.15771015e+03 1.57700000e-03 2
0 1 0 1 0 -1 2 1 0 1 1 E E 3 2.12163645e+03 1.57700000e-03 2
0 1 0 1 0 -1 12 12 0 1 1 A E 3 2.67572215e+03 2.23000000e-03 1
0 1 0 1 0 1 2 0 0 1 1 A E 3 2.12580199e+03 1.57700000e-03 2
0 1 0 1 0 -1 12 4 0 1 1 E E 3 2.75504453e+03 1.57700000e-03 2
0 1 0 1 0 -1 12 3 0 1 1 A E 3 2.76117211e+03 1.57700000e-03 2
0 1 0 1 0 -1 11 4 0 1 1 E E 3 2.65114291e+03 2.23000000e-03 1
0 1 0 1 0 1 2 2 0 1 1 E E 3 2.13166260e+03 1.28700000e-03 3
0 1 0 1 0 -1 1 1 0 1 1 E E 3 2.10427535e+03 2.23000000e-03 1
0 1 0 1 0 -1 12 1 0 1 1 E E 3 2.77001482e+03 1.57700000e-03 2
0 1 0 1 0 1 12 0 0 1 1 A E 3 2.77243140e+03 2.23000000e-03 1
0 1 0 1 0 1 1 0 0 1 1 A E 3 2.10845536e+03 1.57700000e-03 2
0 1 0 1 0 -1 12 10 0 1 1 E E 3 2.70326399e+03 2.23000000e-03 1
0 1 0 1 0 1 11 0 0 1 1 A E 3 2.66924331e+03 2.23000000e-03 1
0 1 0 1 0 1 9 0 0 1 1 A E 3 2.48850300e+03 2.23000000e-03 1
0 1 0 1 0 -1 12 9 0 1 1 A E 3 2.71542803e+03 2.23000000e-03 1
0 0 0 2 0 0 13 13 0 0 0 E A 3 2.93770191e+03 2.23000000e-03 1
0 1 0 1 0 1 0 0 0 1 1 A E 3 2.09977985e+03 2.23000000e-03 1
0 1 0 1 0 -1 14 10 0 1 1 E E 3 2.93788148e+03 2.23000000e-03 1
0 0 0 2 0 -2 12 6 0 2 2 A E 3 2.87030226e+03 2.23000000e-03 1
0 0 0 2 0 0 12 11 0 0 0 E A 3 2.85718967e+03 2.23000000e-03 1
0 1 0 1 0 1 3 3 0 1 1 A E 3 2.15934578e+03 1.57700000e-03 2
0 1 0 1 0 -1 12 7 0 1 1 E E 3 2.73053989e+03 2.23000000e-03 1
0 0 0 2 0 0 11 11 0 0 0 E A 3 2.74383046e+03 2.23000000e-03 1
0 1 0 1 0 -1 12 6 0 1 1 A E 3 2.73970373e+03 2.23000000e-03 1
0 0 0 2 0 0 10 10 0 0 0 E A 3 2.65829387e+03 1.57700000e-03 2
0 1 0 1 0 1 11 11 0 1 1 E E 3 2.66674161e+03 2.23000000e-03 1
0 0 0 2 0 0 8 8 0 0 0 E A 3 2.50395397e+03 1.57700000e-03 2
0 0 0 2 0 0 9 1 0 0 0 E A 3 2.62766069e+03 2.23000000e-03 1
0 0 0 2 0 0 7 7 0 0 0 E A 3 2.44141420e+03 1.57700000e-03 2
0 0 0 2 0 0 8 5 0 0 0 E A 3 2.53981940e+03 2.23000000e-03 1
0 0 0 2 0 0 5 4 0 0 0 E A 3 2.34435747e+03 2.23000000e-03 1
0 0 0 2 0 0 5 5 0 0 0 E A 3 2.34002486e+03 1.57700000e-03 2
0 1 0 1 0 -1 14 7 0 1 1 E E 3 2.96457944e+03 2.23000000e-03 1
0 0 0 2 0 0 2 2 0 0 0 E A 3 2.24330229e+03 1.57700000e-03 2
0 0 0 2 0 2 11 7 0 2 2 E E 3 2.85077128e+03 2.23000000e-03 1
0 0 0 2 0 2 3 0 0 2 2 A E 3 2.28252616e+03 2.23000000e-03 1
0 0 0 2 0 0 1 1 0 0 0 E A 3 2.22702756e+03 1.57700000e-03 2
0 0 0 2 0 2 12 12 0 2 2 A E 3 2.92444485e+03 2.23000000e-03 1
0 2 0 0 0 0 7 7 0 0 0 E A 3 2.18729391e+03 2.23000000e-03 1
0 0 0 2 0 2 6 4 0 2 2 E E 3 2.43795900e+03 2.23000000e-03 1
0 1 0 1 0 1 9 9 0 1 1 A E 3 2.48909569e+03 2.23000000e-03 1
0 0 0 2 0 2 10 9 0 2 2 A E 3 2.74277956e+03 2.23000000e-03 1
0 2 0 0 0 0 8 8 0 0 0 E A 3 2.25073418e+03 2.23000000e-03 1
0 0 0 2 0 2 10 10 0 2 2 E E 3 2.73425138e+03 2.23000000e-03 1
0 0 0 2 0 -2 10 6 0 2 2 A E 3 2.66281029e+03 2.23000000e-03 1
0 0 0 2 0 2 5 4 0 2 2 E E 3 2.38192176e+03 2.23000000e-03 1
0 0 0 2 0 2 9 9 0 2 2 A E 3 2.64995363e+03 2.23000000e-03 1
0 2 0 0 0 0 10 10 0 0 0 E A 3 2.40730346e+03 2.23000000e-03 1
0 0 0 2 0 2 4 4 0 2 2 E E 3 2.33528586e+03 2.23000000e-03 1
0 2 0 0 0 0 11 11 0 0 0 E A 3 2.49418566e+03 2.23000000e-03 1
0 0 0 2 0 -2 5 2 0 2 2 E E 3 2.35032127e+03 2.23000000e-03 1
0 0 0 2 0 2 1 1 0 2 2 E E 3 2.24214087e+03 2.23000000e-03 1
0 0 0 2 0 0 4 4 0 0 0 E A 3 2.29861729e+03 2.23000000e-03 1
0 0 0 2 0 2 0 0 0 2 2 A E 3 2.22654826e+03 2.23000000e-03 1
0 0 0 2 0 0 5 2 0 0 0 E A 3 2.35427660e+03 2.23000000e-03 1
0 0 0 2 0 0 11 10 0 0 0 E A 3 2.76230106e+03 2.23000000e-03 1
1 0 0 1 0 1 11 10 0 1 1 E E 3 3.91961694e+03 3.54000000e-04 2
1 0 0 1 0 1 10 10 0 1 1 E E 3 3.82055163e+03 5.00000000e-04 1
1 0 0 1 0 1 11 7 0 1 1 E E 3 3.95611339e+03 3.54000000e-04 2
1 0 0 1 0 1 10 5 0 1 1 E E 3 3.88263041e+03 2.89000000e-04 3
1 0 0 1 0 1 9 9 0 1 1 A E 3 3.74650486e+03 2.89000000e-04 3
1 0 0 1 0 1 10 7 0 1 1 E E 3 3.85776239e+03 2.89000000e-04 3
1 0 0 1 0 1 11 3 0 1 1 A E 3 3.99375347e+03 2.50000000e-04 4
1 0 0 1 0 1 10 3 0 1 1 A E 3 3.89659119e+03 2.86000000e-04 4
1 0 0 1 0 1 9 7 0 1 1 E E 3 3.76817292e+03 3.54000000e-04 2
1 0 0 1 0 1 9 6 0 1 1 A E 3 3.77975095e+03 5.00000000e-04 1
1 0 0 1 0 1 8 7 0 1 1 E E 3 3.68728521e+03 3.54000000e-04 2
0 0 1 1 -1 1 9 4 1 1 0 E A 3 3.80138022e+03 2.89000000e-04 3
1 0 0 1 0 1 9 3 0 1 1 A E 3 3.80806441e+03 2.53000000e-04 5
1 0 0 1 0 1 8 5 0 1 1 E E 3 3.71331069e+03 3.19000000e-04 4
0 0 1 1 -1 1 10 1 1 1 0 E A 3 3.90709708e+03 2.47000000e-04 5
1 0 0 1 0 1 10 0 0 1 1 A E 3 3.90834715e+03 2.86000000e-04 4
1 0 0 1 0 1 9 4 0 1 1 E E 3 3.79972499e+03 3.29000000e-04 4
1 0 0 1 0 1 9 1 0 1 1 E E 3 3.81513952e+03 2.48000000e-04 5
1 0 0 1 0 1 7 7 0 1 1 E E 3 3.61513517e+03 3.54000000e-04 2
0 0 1 1 -1 1 8 4 1 1 0 E A 3 3.72081232e+03 3.54000000e-04 2
1 0 0 1 0 1 7 5 0 1 1 E E 3 3.64156955e+03 2.89000000e-04 3
0 0 1 1 -1 1 9 1 1 1 0 E A 3 3.81839240e+03 2.50000000e-04 4
1 0 0 1 0 1 8 4 0 1 1 E E 3 3.71841502e+03 2.50000000e-04 4
1 0 0 1 0 1 9 0 0 1 1 A E 3 3.81965366e+03 4.41000000e-04 3
1 0 0 1 0 1 7 6 0 1 1 A E 3 3.62714861e+03 3.54000000e-04 2
0 0 1 1 -1 1 7 5 1 1 0 E A 3 3.64092042e+03 3.54000000e-04 2
1 0 0 1 0 1 8 3 0 1 1 A E 3 3.72575488e+03 2.72000000e-04 4
0 0 1 1 -1 1 7 4 1 1 0 E A 3 3.64916924e+03 3.54000000e-04 2
1 0 0 1 0 1 8 1 0 1 1 E E 3 3.73531859e+03 2.24000000e-04 5
1 0 0 1 0 1 6 5 0 1 1 E E 3 3.57867006e+03 2.89000000e-04 3
0 0 1 1 1 -1 11 2 1 1 0 E A 3 4.02911084e+03 3.54000000e-04 2
0 0 1 1 -1 1 8 1 1 1 0 E A 3 3.73833089e+03 2.43000000e-04 5
1 0 0 1 0 -1 7 3 0 1 1 A E 3 3.65701694e+03 2.89000000e-04 3
1 0 0 1 0 1 7 4 0 1 1 E E 3 3.64675703e+03 2.35000000e-04 5
1 0 0 1 0 1 8 0 0 1 1 A E 3 3.73957532e+03 2.50000000e-04 4
0 0 1 1 1 1 10 3 1 1 2 A E 3 3.92405419e+03 2.89000000e-04 3
1 0 0 1 0 1 6 6 0 1 1 A E 3 3.56402542e+03 3.54000000e-04 2
0 0 1 1 -1 1 6 5 1 1 0 E A 3 3.57755308e+03 2.89000000e-04 3
1 0 0 1 0 1 7 3 0 1 1 A E 3 3.65430461e+03 2.50000000e-04 4
1 0 0 1 0 1 6 3 0 1 1 A E 3 3.59161417e+03 2.49000000e-04 5
0 0 1 1 -1 1 6 4 1 1 0 E A 3 3.58628727e+03 3.54000000e-04 2
1 0 0 1 0 1 7 1 0 1 1 E E 3 3.66423788e+03 2.50000000e-04 4
0 0 1 1 1 1 9 4 1 1 2 E E 3 3.83417361e+03 2.23000000e-04 6
0 0 1 1 1 -1 10 2 1 1 0 E A 3 3.93175900e+03 2.50000000e-04 4
0 0 1 1 1 1 9 3 1 1 2 A E 3 3.83358020e+03 2.24000000e-04 5
0 0 1 1 -1 1 7 1 1 1 0 E A 3 3.66692766e+03 2.52000000e-04 6
1 0 0 1 0 -1 6 3 0 1 1 A E 3 3.59452804e+03 2.83000000e-04 4
0 0 1 1 1 -1 10 1 1 1 0 E A 3 3.93126296e+03 2.89000000e-04 3
0 0 1 1 1 1 9 6 1 1 2 A E 3 3.82791524e+03 3.54000000e-04 2
1 0 0 1 0 1 6 4 0 1 1 E E 3 3.58391330e+03 3.05000000e-04 3
1 0 0 1 0 1 7 0 0 1 1 A E 3 3.66814137e+03 2.39000000e-04 5
0 0 1 1 1 1 9 5 1 1 2 E E 3 3.82872738e+03 2.89000000e-04 3
0 0 1 1 -1 1 5 5 1 1 0 E A 3 3.52287318e+03 5.00000000e-04 1
1 0 0 1 0 1 6 2 0 1 1 E E 3 3.60008323e+03 2.54000000e-04 5
0 0 1 1 1 1 10 4 1 1 2 E E 3 3.92445007e+03 2.50000000e-04 4
0 0 1 1 -1 1 6 2 1 1 0 E A 3 3.59929612e+03 3.53000000e-04 3
0 0 1 1 1 -1 9 1 1 1 0 E A 3 3.84117788e+03 3.29000000e-04 3
1 0 0 1 0 1 6 1 0 1 1 E E 3 3.60191403e+03 2.24000000e-04 5
0 0 1 1 1 1 8 4 1 1 2 E E 3 3.75286055e+03 2.50000000e-04 4
0 0 1 1 -1 1 5 4 1 1 0 E A 3 3.53220651e+03 2.89000000e-04 3
0 0 1 1 1 1 8 3 1 1 2 A E 3 3.75212172e+03 2.72000000e-04 4
0 0 1 1 1 -1 9 2 1 1 0 E A 3 3.84071502e+03 2.89000000e-04 4
0 0 1 1 -1 1 6 1 1 1 0 E A 3 3.60422014e+03 2.71000000e-04 5
1 0 0 1 0 -1 5 3 0 1 1 A E 3 3.54079779e+03 2.72000000e-04 4
0 0 1 1 1 1 8 5 1 1 2 E E 3 3.74748649e+03 2.77000000e-04 5
1 0 0 1 0 1 5 4 0 1 1 E E 3 3.52990245e+03 3.05000000e-04 4
0 0 1 1 1 1 10 6 1 1 2 A E 3 3.91800653e+03 3.54000000e-04 2
0 0 1 1 1 -1 9 4 1 1 0 E A 3 3.83849433e+03 4.06000000e-04 3
1 0 0 1 0 1 5 3 0 1 1 A E 3 3.53773106e+03 2.50000000e-04 4
0 0 1 1 1 -1 10 7 1 1 0 E A 3 3.91998684e+03 2.50000000e-04 4
1 0 0 1 0 1 5 2 0 1 1 E E 3 3.54643494e+03 2.48000000e-04 5
0 0 1 1 1 -1 8 1 1 1 0 E A 3 3.75950881e+03 2.50000000e-04 4
0 0 1 1 -1 1 5 2 1 1 0 E A 3 3.54567401e+03 2.89000000e-04 3
0 0 1 1 1 -1 9 5 1 1 0 E A 3 3.83642008e+03 2.89000000e-04 3
0 0 1 1 1 -1 8 2 1 1 0 E A 3 3.75910651e+03 2.89000000e-04 3
0 0 1 1 1 1 7 4 1 1 2 E E 3 3.68119751e+03 2.44000000e-04 5
0 0 1 1 1 1 7 3 1 1 2 A E 3 3.67977280e+03 2.50000000e-04 4
0 0 1 1 -1 1 4 4 1 1 0 E A 3 3.48699443e+03 3.54000000e-04 2
1 0 0 1 0 1 5 1 0 1 1 E E 3 3.54836844e+03 2.50000000e-04 4
0 0 1 1 1 1 7 5 1 1 2 E E 3 3.67541332e+03 3.10000000e-04 4
0 0 1 1 -1 1 5 1 1 1 0 E A 3 3.55026582e+03 2.53000000e-04 6
1 0 0 1 0 1 4 3 0 1 1 A E 3 3.49588690e+03 2.89000000e-04 3
1 0 0 1 0 1 4 4 0 1 1 E E 3 3.48477560e+03 5.00000000e-04 1
1 0 0 1 0 1 5 0 0 1 1 A E 3 3.55149854e+03 2.50000000e-04 4
0 0 1 1 1 -1 8 4 1 1 0 E A 3 3.75709228e+03 2.67000000e-04 4
0 0 1 1 1 1 6 3 1 1 2 A E 3 3.61504388e+03 2.67000000e-04 4
0 0 1 1 1 -1 7 1 1 1 0 E A 3 3.68679796e+03 2.89000000e-04 3
0 0 1 1 1 -1 8 5 1 1 0 E A 3 3.75504359e+03 2.50000000e-04 4
0 0 1 1 1 -1 7 2 1 1 0 E A 3 3.68647808e+03 2.89000000e-04 3
1 0 0 1 0 1 4 2 0 1 1 E E 3 3.50165584e+03 2.50000000e-04 4
0 0 1 1 1 1 6 4 1 1 2 E E 3 3.61781714e+03 2.24000000e-04 5
0 0 1 1 -1 -1 7 3 1 1 2 A E 3 3.68164633e+03 5.00000000e-04 1
1 0 0 1 0 1 11 11 0 1 1 E E 3 3.91043348e+03 3.54000000e-04 2
0 0 1 1 1 1 6 5 1 1 2 E E 3 3.61211553e+03 3.28000000e-04 4
0 0 1 1 -1 1 4 1 1 1 0 E A 3 3.50514434e+03 2.22000000e-04 6
1 0 0 1 0 1 4 1 0 1 1 E E 3 3.50363348e+03 2.50000000e-04 4
0 0 1 1 1 1 8 6 1 1 2 A E 3 3.74663864e+03 3.54000000e-04 2
0 0 1 1 1 -1 7 4 1 1 0 E A 3 3.68471531e+03 2.50000000e-04 4
1 0 0 1 0 1 4 0 0 1 1 A E 3 3.50647716e+03 2.24000000e-04 5
0 0 1 1 1 -1 6 1 1 1 0 E A 3 3.62287167e+03 2.50000000e-04 4
0 0 1 1 1 1 5 3 1 1 2 A E 3 3.56147538e+03 2.50000000e-04 4
0 0 1 1 1 -1 7 5 1 1 0 E A 3 3.68269527e+03 2.50000000e-04 4
0 0 1 1 1 1 8 7 1 1 2 E E 3 3.74195081e+03 3.54000000e-04 2
1 0 0 1 0 -1 3 3 0 1 1 A E 3 3.45660558e+03 5.00000000e-04 1
0 0 1 1 1 -1 6 2 1 1 0 E A 3 3.62310602e+03 2.50000000e-04 4
1 0 0 1 0 1 3 2 0 1 1 E E 3 3.46574676e+03 2.89000000e-04 3
0 0 1 1 -1 -1 6 3 1 1 2 A E 3 3.61880513e+03 2.89000000e-04 3
0 0 1 1 1 1 5 5 1 1 2 E E 3 3.55790740e+03 2.89000000e-04 3
0 0 1 1 1 1 7 6 1 1 2 A E 3 3.67450766e+03 3.54000000e-04 2
1 0 0 1 0 1 3 1 0 1 1 E E 3 3.46775074e+03 2.89000000e-04 3
0 0 1 1 1 -1 6 4 1 1 0 E A 3 3.62138144e+03 1.21200000e-03 3
1 0 0 1 0 1 3 0 0 1 1 A E 3 3.47041606e+03 2.89000000e-04 3
0 0 1 1 1 -1 5 1 1 1 0 E A 3 3.56830841e+03 2.39000000e-04 5
1 0 0 1 0 1 10 9 0 1 1 A E 3 3.83685513e+03 3.54000000e-04 2
0 0 1 1 1 -1 5 2 1 1 0 E A 3 3.56851823e+03 2.24000000e-04 5
0 0 1 1 1 -1 6 5 1 1 0 E A 3 3.61937458e+03 2.89000000e-04 3
0 0 1 1 1 1 4 3 1 1 2 A E 3 3.51659148e+03 2.89000000e-04 3
1 0 0 1 0 1 11 9 0 1 1 A E 3 3.93588520e+03 3.54000000e-04 2
0 0 1 1 1 1 7 7 1 1 2 E E 3 3.66977225e+03 5.00000000e-04 1
1 0 0 1 0 1 8 8 0 1 1 E E 3 3.67939386e+03 3.54000000e-04 2
1 0 0 1 0 1 12 9 0 1 1 A E 3 4.04414554e+03 3.54000000e-04 2
1 0 0 1 0 1 2 2 0 1 1 E E 3 3.43874422e+03 2.89000000e-04 3
0 0 1 1 -1 -1 5 3 1 1 2 A E 3 3.56457185e+03 3.44000000e-04 3
1 0 0 1 0 1 9 8 0 1 1 E E 3 3.76058529e+03 8.49000000e-04 2
0 0 1 1 1 1 4 4 1 1 2 E E 3 3.51825885e+03 2.60000000e-04 4
1 0 0 1 0 1 2 1 0 1 1 E E 3 3.44076778e+03 8.84000000e-04 3
1 0 0 1 0 1 10 8 0 1 1 E E 3 3.85052103e+03 3.54000000e-04 2
0 0 1 1 1 -1 5 4 1 1 0 E A 3 3.56710193e+03 2.50000000e-04 4
1 0 0 1 0 1 11 8 0 1 1 E E 3 3.94931388e+03 3.54000000e-04 2
0 0 1 1 1 -1 4 1 1 1 0 E A 3 3.52281689e+03 2.24000000e-04 5
0 0 1 1 1 1 5 4 1 1 2 E E 3 3.56353120e+03 2.44000000e-04 5
1 0 0 1 0 1 2 0 0 1 1 A E 3 3.44334793e+03 2.89000000e-04 3
0 0 1 1 1 -1 5 5 1 1 0 E A 3 3.56508429e+03 3.54000000e-04 2
0 0 1 1 1 -1 4 2 1 1 0 E A 3 3.52309927e+03 2.89000000e-04 3
0 0 1 1 1 1 3 2 1 1 2 E E 3 3.48067153e+03 2.89000000e-04 3
0 0 1 1 1 1 3 3 1 1 2 A E 3 3.48057736e+03 3.16000000e-04 3
0 0 1 1 1 -1 4 4 1 1 0 E A 3 3.52187658e+03 3.54000000e-04 2
0 0 1 1 1 -1 3 1 1 1 0 E A 3 3.48646676e+03 2.89000000e-04 3
1 0 0 1 0 1 10 6 0 1 1 A E 3 3.87326614e+03 7.78000000e-04 2
1 0 0 1 0 1 1 1 0 1 1 E E 3 3.42273467e+03 3.54000000e-04 2
1 0 0 1 0 1 11 6 0 1 1 A E 3 3.97129822e+03 3.54000000e-04 2
1 0 0 1 0 1 1 0 0 1 1 A E 3 3.42529109e+03 3.54000000e-04 2
1 0 0 1 0 1 5 5 0 1 1 E E 3 3.52459693e+03 3.54000000e-04 2
0 0 1 1 1 -1 3 2 1 1 0 E A 3 3.48683421e+03 2.89000000e-04 3
0 0 1 1 1 1 2 2 1 1 2 E E 3 3.45383173e+03 2.89000000e-04 3
0 0 1 1 -1 -1 3 3 1 1 2 A E 3 3.48338518e+03 5.00000000e-04 1
1 0 0 1 0 1 8 6 0 1 1 A E 3 3.69907416e+03 4.52000000e-04 3
1 0 0 1 0 -1 8 3 0 1 1 A E 3 3.72575401e+03 5.00000000e-04 1
0 0 1 1 1 -1 2 1 1 1 0 E A 3 3.45927612e+03 2.89000000e-04 3
1 0 0 1 0 -1 9 3 0 1 1 A E 3 3.80593692e+03 3.84000000e-04 3
1 0 0 1 0 1 0 0 0 1 1 A E 3 3.41613010e+03 5.00000000e-04 1
0 0 1 1 1 -1 2 2 1 1 0 E A 3 3.45968538e+03 3.54000000e-04 2
1 0 0 1 0 1 3 3 0 1 1 A E 3 3.45985953e+03 3.54000000e-04 2
1 0 0 1 0 -1 4 3 0 1 1 A E 3 3.49270908e+03 5.00000000e-04 1
0 0 1 1 -1 1 4 2 1 1 0 E A 3 3.50075447e+03 3.54000000e-04 2
1 0 0 1 0 1 8 2 0 1 1 E E 3 3.73377326e+03 2.04000000e-04 6
1 0 0 1 0 1 9 2 0 1 1 E E 3 3.81377759e+03 5.00000000e-04 1
0 0 1 1 1 -1 1 1 1 1 0 E A 3 3.44119674e+03 3.54000000e-04 2
1 0 0 1 0 1 6 0 0 1 1 A E 3 3.60541728e+03 5.00000000e-04 1
0 0 1 1 1 1 6 6 1 1 2 A E 3 3.60823354e+03 3.54000000e-04 2
0 0 1 1 1 -1 8 7 1 1 0 E A 3 3.74782296e+03 2.50000000e-04 4
0 0 1 1 1 1 8 8 1 1 2 E E 3 3.73197481e+03 3.54000000e-04 2
0 0 1 1 1 -1 9 7 1 1 0 E A 3 3.82934527e+03 2.50000000e-04 4
0 0 1 1 -1 -1 4 3 1 1 2 A E 3 3.51943638e+03 5.00000000e-04 1
0 0 1 1 1 1 9 8 1 1 2 E E 3 3.81308064e+03 3.54000000e-04 2
0 0 1 1 1 1 9 9 1 1 2 A E 3 3.80532931e+03 3.54000000e-04 2
0 0 1 1 1 1 10 8 1 1 2 E E 3 3.90315138e+03 3.54000000e-04 2
0 0 1 1 1 1 11 8 1 1 2 E E 3 4.00227078e+03 3.54000000e-04 2
0 0 1 1 1 1 12 12 1 1 2 A E 3 4.07719924e+03 3.54000000e-04 2
0 0 1 1 1 1 12 8 1 1 2 E E 3 4.10963565e+03 3.54000000e-04 2
0 0 1 1 1 1 12 11 1 1 2 E E 3 4.08902717e+03 3.54000000e-04 2
0 0 1 1 1 1 12 9 1 1 2 A E 3 4.10201519e+03 3.54000000e-04 2
0 0 1 1 1 1 13 12 1 1 2 A E 3 4.19408673e+03 3.54000000e-04 2
0 0 1 1 1 1 14 12 1 1 2 A E 3 4.31966298e+03 3.54000000e-04 2
0 0 1 1 1 -1 10 5 1 1 0 E A 3 3.92684538e+03 2.89000000e-04 3
0 0 1 1 1 -1 7 7 1 1 0 E A 3 3.67523410e+03 3.54000000e-04 2
0 0 1 1 1 -1 11 7 1 1 0 E A 3 4.01955692e+03 5.00000000e-04 1
0 0 1 1 1 1 10 9 1 1 2 A E 3 3.89539756e+03 5.00000000e-04 1
0 0 1 1 1 1 11 9 1 1 2 A E 3 3.99422199e+03 5.00000000e-04 1
0 0 1 1 1 1 13 11 1 1 2 E E 3 4.20586334e+03 5.00000000e-04 1
0 0 0 0 0 0 23 1 0 0 0 E A 3 2.41727208e+03 1.76800000e-03 2
0 1 0 0 0 0 22 1 0 0 0 E A 3 3.15244666e+03 1.76800000e-03 2
0 0 0 0 0 0 23 5 0 0 0 E A 3 2.40633912e+03 1.44300000e-03 3
0 1 0 0 0 0 22 5 0 0 0 E A 3 3.14360558e+03 2.50000000e-03 1
0 0 0 0 0 0 23 7 0 0 0 E A 3 2.39529307e+03 1.44300000e-03 3
0 1 0 0 0 0 22 7 0 0 0 E A 3 3.13474759e+03 1.76800000e-03 2
0 0 0 0 0 0 23 8 0 0 0 E A 3 2.38832363e+03 1.44300000e-03 3
0 1 0 0 0 0 22 8 0 0 0 E A 3 3.12916989e+03 1.76800000e-03 2
0 0 0 0 0 0 23 10 0 0 0 E A 3 2.37139097e+03 1.25000000e-03 4
0 1 0 0 0 0 22 10 0 0 0 E A 3 3.11566077e+03 1.76800000e-03 2
0 0 0 0 0 0 23 11 0 0 0 E A 3 2.36137590e+03 1.76800000e-03 2
0 1 0 0 0 0 22 11 0 0 0 E A 3 3.10771914e+03 1.76800000e-03 2
0 0 0 0 0 0 22 1 0 0 0 E A 3 2.21835246e+03 1.76800000e-03 2
0 1 0 0 0 0 21 1 0 0 0 E A 3 2.96542997e+03 1.76800000e-03 2
0 0 0 0 0 0 22 4 0 0 0 E A 3 2.20523197e+03 1.76800000e-03 2
0 1 0 0 0 0 21 4 0 0 0 E A 3 2.95366647e+03 1.76800000e-03 2
0 0 0 0 0 0 22 5 0 0 0 E A 3 2.20107225e+03 1.76800000e-03 2
0 1 0 0 0 0 21 5 0 0 0 E A 3 2.95036207e+03 1.76800000e-03 2
0 0 0 0 0 0 22 7 0 0 0 E A 3 2.19609620e+03 1.25000000e-03 4
0 1 0 0 0 0 21 7 0 0 0 E A 3 2.94768429e+03 1.76800000e-03 2
0 0 0 0 0 0 22 8 0 0 0 E A 3 2.18903615e+03 1.25000000e-03 4
0 1 0 0 0 0 21 8 0 0 0 E A 3 2.94208916e+03 2.50000000e-03 1
0 0 0 0 0 0 23 14 0 0 0 E A 3 2.32477088e+03 1.76800000e-03 2
0 1 0 0 0 0 22 14 0 0 0 E A 3 3.07886858e+03 1.76800000e-03 2
0 0 0 0 0 0 20 8 0 0 0 E A 3 1.81513807e+03 1.11800000e-03 5
0 0 0 0 0 0 22 10 0 0 0 E A 3 2.17187945e+03 1.76800000e-03 2
0 1 0 0 0 0 21 10 0 0 0 E A 3 2.92856510e+03 2.50000000e-03 1
0 0 0 0 0 0 22 11 0 0 0 E A 3 2.16173267e+03 1.11800000e-03 5
0 1 0 0 0 0 21 11 0 0 0 E A 3 2.92058383e+03 1.44300000e-03 3
0 0 0 0 0 0 20 5 0 0 0 E A 3 1.83384216e+03 1.11800000e-03 5
0 0 0 0 0 0 21 1 0 0 0 E A 3 2.02142328e+03 1.44300000e-03 3
0 0 0 0 0 0 21 2 0 0 0 E A 3 2.02624488e+03 1.44300000e-03 3
0 1 0 0 0 0 20 2 0 0 0 E A 3 2.78555581e+03 1.76800000e-03 2
0 0 0 0 0 0 20 4 0 0 0 E A 3 1.83810709e+03 1.02100000e-03 6
0 0 0 0 0 0 21 4 0 0 0 E A 3 2.02064748e+03 1.76800000e-03 2
0 0 0 0 0 0 21 5 0 0 0 E A 3 2.01022217e+03 1.44300000e-03 3
0 0 0 0 0 0 20 2 0 0 0 E A 3 1.84376869e+03 1.11800000e-03 5
0 0 0 0 0 0 21 7 0 0 0 E A 3 2.00510505e+03 1.25000000e-03 4
0 0 0 0 0 0 22 13 0 0 0 E A 3 2.13814550e+03 1.11800000e-03 5
0 1 0 0 0 0 21 13 0 0 0 E A 3 2.90218773e+03 1.25000000e-03 4
0 0 0 0 0 0 23 17 0 0 0 E A 3 2.27750402e+03 1.25000000e-03 4
0 1 0 0 0 0 22 17 0 0 0 E A 3 3.04245140e+03 1.76800000e-03 2
0 0 0 0 0 0 21 8 0 0 0 E A 3 1.99174339e+03 1.25000000e-03 4
0 1 0 0 0 0 20 8 0 0 0 E A 3 2.75704873e+03 1.76800000e-03 2
0 0 0 0 0 0 20 1 0 0 0 E A 3 1.84517687e+03 1.44300000e-03 3
0 0 0 0 0 0 22 14 0 0 0 E A 3 2.12463298e+03 1.25000000e-03 4
0 1 0 0 0 0 21 14 0 0 0 E A 3 2.89170745e+03 1.76800000e-03 2
0 0 0 0 0 0 19 8 0 0 0 E A 3 1.64063779e+03 1.25000000e-03 4
0 0 0 0 0 0 21 10 0 0 0 E A 3 1.98058049e+03 1.11800000e-03 5
0 1 0 0 0 0 19 1 0 0 0 E A 3 2.61615500e+03 1.25000000e-03 4
0 0 0 0 0 0 21 11 0 0 0 E A 3 1.96408974e+03 1.44300000e-03 3
0 0 0 0 0 0 22 16 0 0 0 E A 3 2.09396463e+03 1.25000000e-03 4
0 1 0 0 0 0 21 16 0 0 0 E A 3 2.86839444e+03 1.76800000e-03 2
0 0 0 0 0 0 20 7 0 0 0 E A 3 1.82237489e+03 1.02100000e-03 6
0 0 0 0 0 0 21 13 0 0 0 E A 3 1.94640722e+03 1.11800000e-03 5
0 1 0 0 0 0 20 13 0 0 0 E A 3 2.72334700e+03 1.25000000e-03 4
0 0 0 0 0 0 22 17 0 0 0 E A 3 2.07671283e+03 1.11800000e-03 5
0 1 0 0 0 0 21 17 0 0 0 E A 3 2.85544362e+03 2.50000000e-03 1
0 0 0 0 0 0 21 14 0 0 0 E A 3 1.92650448e+03 1.25000000e-03 4
0 1 0 0 0 0 20 14 0 0 0 E A 3 2.70688484e+03 1.76800000e-03 2
0 0 0 0 0 0 20 10 0 0 0 E A 3 1.79754812e+03 1.02100000e-03 6
0 0 0 0 0 0 19 2 0 0 0 E A 3 1.66340906e+03 1.44300000e-03 3
0 0 0 0 0 0 20 11 0 0 0 E A 3 1.78714120e+03 1.25000000e-03 4
0 0 0 0 0 0 21 16 0 0 0 E A 3 1.90164058e+03 1.25000000e-03 4
0 1 0 0 0 0 20 16 0 0 0 E A 3 2.68970844e+03 1.76800000e-03 2
0 0 0 0 0 0 18 1 0 0 0 E A 3 1.49904557e+03 1.11800000e-03 5
0 0 0 0 0 0 21 17 0 0 0 E A 3 1.87794555e+03 1.25000000e-03 4
0 1 0 0 0 0 20 17 0 0 0 E A 3 2.67069896e+03 2.50000000e-03 1
0 0 0 0 0 0 20 14 0 0 0 E A 3 1.74908044e+03 1.44300000e-03 3
0 0 0 0 0 0 20 16 0 0 0 E A 3 1.71760628e+03 1.25000000e-03 4
0 0 0 0 0 0 19 13 0 0 0 E A 3 1.58781714e+03 9.45000000e-04 7
0 0 0 0 0 0 20 17 0 0 0 E A 3 1.69989762e+03 1.25000000e-03 4
0 0 0 0 0 0 20 13 0 0 0 E A 3 1.76294555e+03 1.11800000e-03 5
0 0 0 1 0 -1 18 15 0 1 1 A E 3 2.46293982e+03 1.76800000e-03 2
0 0 0 1 0 1 19 13 0 1 1 E E 3 2.67232298e+03 2.50000000e-03 1
0 0 0 1 0 1 19 16 0 1 1 E E 3 2.61014327e+03 1.76800000e-03 2
0 0 0 1 0 1 19 19 0 1 1 E E 3 2.52963461e+03 1.76800000e-03 2
0 0 0 1 0 1 21 13 0 1 1 E E 3 3.03441703e+03 1.76800000e-03 2
0 0 0 1 0 1 21 16 0 1 1 E E 3 2.97492184e+03 2.50000000e-03 1
0 0 0 1 0 1 21 9 0 1 1 A E 3 3.09385745e+03 1.44300000e-03 3
0 0 0 1 0 1 11 10 0 1 1 E E 3 1.60835027e+03 1.76800000e-03 2
0 0 0 1 0 1 15 1 0 1 1 E E 3 2.17422327e+03 1.76800000e-03 2
0 0 0 1 0 1 16 16 0 1 1 E E 3 2.12325257e+03 2.50000000e-03 1
0 0 0 1 0 1 17 0 0 1 1 A E 3 2.46634250e+03 2.50000000e-03 1
0 0 0 1 0 -1 17 10 0 1 1 E E 3 2.39362276e+03 2.50000000e-03 1
0 0 0 1 0 1 17 13 0 1 1 E E 3 2.34322740e+03 2.50000000e-03 1
0 0 0 1 0 1 17 4 0 1 1 E E 3 2.45686652e+03 1.76800000e-03 2
0 0 0 1 0 1 17 6 0 1 1 A E 3 2.44105982e+03 2.50000000e-03 1
0 0 0 1 0 1 17 7 0 1 1 E E 3 2.43120669e+03 1.76800000e-03 2
0 0 0 1 0 -1 17 9 0 1 1 A E 3 2.40751396e+03 1.44300000e-03 3
0 0 0 1 0 1 18 0 0 1 1 A E 3 2.62403990e+03 2.50000000e-03 1
0 0 0 1 0 1 18 1 0 1 1 E E 3 2.62210178e+03 2.50000000e-03 1
0 0 0 1 0 1 18 10 0 1 1 E E 3 2.54680333e+03 2.50000000e-03 1
0 0 0 1 0 -1 18 12 0 1 1 A E 3 2.52156027e+03 2.50000000e-03 1
0 0 0 1 0 1 18 13 0 1 1 E E 3 2.50363499e+03 2.50000000e-03 1
0 0 0 1 0 -1 18 18 0 1 1 A E 3 2.50670889e+03 2.50000000e-03 1
0 0 0 1 0 1 18 6 0 1 1 A E 3 2.59950792e+03 2.50000000e-03 1
0 0 0 1 0 1 18 9 0 1 1 A E 3 2.56662016e+03 1.76800000e-03 2
0 0 0 1 0 1 19 1 0 1 1 E E 3 2.79341052e+03 1.44300000e-03 3
0 0 0 1 0 1 19 10 0 1 1 E E 3 2.72071096e+03 2.50000000e-03 1
0 0 0 1 0 1 19 12 0 1 1 A E 3 2.68988286e+03 1.76800000e-03 2
0 0 0 1 0 1 19 3 0 1 1 A E 3 2.78677181e+03 2.50000000e-03 1
0 0 0 1 0 1 19 4 0 1 1 E E 3 2.78058367e+03 2.50000000e-03 1
0 0 0 1 0 1 19 6 0 1 1 A E 3 2.76634208e+03 1.76800000e-03 2
0 0 0 1 0 1 19 7 0 1 1 E E 3 2.75686191e+03 2.50000000e-03 1
0 0 0 1 0 1 19 8 0 1 1 E E 3 2.81959502e+03 2.50000000e-03 1
0 0 0 1 0 1 19 9 0 1 1 A E 3 2.73407446e+03 1.76800000e-03 2
0 0 0 1 0 1 20 0 0 1 1 A E 3 2.96432887e+03 2.50000000e-03 1
0 0 0 1 0 1 20 1 0 1 1 E E 3 2.96891811e+03 2.50000000e-03 1
0 0 0 1 0 1 20 10 0 1 1 E E 3 2.89050926e+03 1.76800000e-03 2
0 0 0 1 0 1 20 11 0 1 1 E E 3 2.97215698e+03 2.50000000e-03 1
0 0 0 1 0 1 20 12 0 1 1 A E 3 2.86647745e+03 2.50000000e-03 1
0 0 0 1 0 1 20 13 0 1 1 E E 3 2.84305010e+03 1.76800000e-03 2
0 0 0 1 0 1 20 15 0 1 1 A E 3 2.81035372e+03 2.50000000e-03 1
0 0 0 1 0 1 20 18 0 1 1 A E 3 2.85857254e+03 2.50000000e-03 1
0 0 0 1 0 1 20 4 0 1 1 E E 3 2.94958108e+03 1.76800000e-03 2
0 0 0 1 0 1 20 7 0 1 1 E E 3 2.92599303e+03 2.50000000e-03 1
0 0 0 1 0 1 20 8 0 1 1 E E 3 2.99785957e+03 2.50000000e-03 1
0 0 0 1 0 1 20 9 0 1 1 A E 3 2.90983441e+03 1.76800000e-03 2
0 0 0 1 0 1 21 0 0 1 1 A E 3 3.14716061e+03 1.76800000e-03 2
0 0 0 1 0 1 21 10 0 1 1 E E 3 3.08098537e+03 2.50000000e-03 1
0 0 0 1 0 1 21 12 0 1 1 A E 3 3.05130427e+03 1.76800000e-03 2
0 0 0 1 0 1 21 14 0 1 1 E E 3 3.12156129e+03 2.50000000e-03 1
0 0 0 1 0 1 21 15 0 1 1 A E 3 2.99629796e+03 2.50000000e-03 1
0 0 0 1 0 1 21 18 0 1 1 A E 3 3.05335077e+03 2.50000000e-03 1
0 0 0 1 0 1 21 4 0 1 1 E E 3 3.13893294e+03 1.76800000e-03 2
0 0 0 1 0 1 21 6 0 1 1 A E 3 3.12529902e+03 2.50000000e-03 1
0 0 0 1 0 1 21 7 0 1 1 E E 3 3.11586195e+03 2.50000000e-03 1
0 0 0 0 0 0 23 4 0 0 0 E A 3 2.41044614e+03 1.76800000e-03 2
0 0 0 1 0 1 22 1 0 1 1 E E 3 3.34215088e+03 2.50000000e-03 1
0 0 0 1 0 1 22 11 0 1 1 E E 3 3.35412365e+03 2.50000000e-03 1
0 0 0 1 0 1 22 12 0 1 1 A E 3 3.34376700e+03 1.76800000e-03 2
0 0 0 1 0 1 22 13 0 1 1 E E 3 3.22774746e+03 1.76800000e-03 2
0 0 0 1 0 1 22 18 0 1 1 A E 3 3.25022494e+03 2.50000000e-03 1
0 0 0 1 0 1 22 4 0 1 1 E E 3 3.33024241e+03 2.50000000e-03 1
0 0 0 1 0 1 22 5 0 1 1 E E 3 3.39525042e+03 1.76800000e-03 2
0 0 0 1 0 1 22 7 0 1 1 E E 3 3.30790698e+03 1.76800000e-03 2
0 0 0 1 0 1 22 8 0 1 1 E E 3 3.37945624e+03 2.50000000e-03 1
0 1 0 0 0 0 23 10 0 0 0 E A 3 3.31099382e+03 2.50000000e-03 1
0 1 0 0 0 0 23 17 0 0 0 E A 3 3.23785716e+03 2.50000000e-03 1
0 1 0 0 0 0 23 7 0 0 0 E A 3 3.33000703e+03 1.76800000e-03 2
