0 0 0 0 0 0 17 12 0 0 0 A A 2 1.27807429e+03 2.11400000e-02 11
0 0 0 1 0 -1 16 11 0 1 1 E E 1 2.22918260e+03 2.36400000e-02 3
0 0 0 0 0 0 16 12 0 0 0 A A 1 1.12840669e+03 2.30000000e-02 15
0 0 0 1 0 -1 15 11 0 1 1 E E 2 2.08626747e+03 1.50000000e-02 4
0 0 0 0 0 0 16 9 0 0 0 A A 1 1.16109221e+03 2.30000000e-02 17
0 0 0 1 0 -1 15 8 0 1 1 E E 2 2.12971727e+03 6.80000000e-02 3
0 0 0 0 0 0 14 12 0 0 0 A A 1 8.54722744e+02 1.30000000e-02 23
0 0 0 1 0 -1 13 11 0 1 1 E E 2 1.82573658e+03 6.20000000e-02 4
0 0 0 0 0 0 16 6 0 0 0 A A 1 1.18380813e+03 2.30000000e-02 12
0 0 0 1 0 -1 15 5 0 1 1 E E 2 2.16055372e+03 1.50000000e-02 4
0 0 0 0 0 0 14 9 0 0 0 A A 1 8.88045334e+02 1.30000000e-02 23
0 0 0 1 0 -1 13 8 0 1 1 E E 2 1.87113188e+03 5.70000000e-02 6
0 0 0 0 0 0 12 12 0 0 0 A A 1 6.15541962e+02 1.10000000e-02 18
0 0 0 1 0 -1 11 11 0 1 1 E E 2 1.59908791e+03 6.10000000e-02 2
0 0 0 0 0 0 15 6 0 0 0 A A 2 1.04322529e+03 1.86300000e-02 15
0 0 0 1 0 -1 14 5 0 1 1 E E 1 2.02767725e+03 2.11300000e-02 2
0 0 0 0 0 0 14 6 0 0 0 A A 1 9.11198907e+02 1.30000000e-02 23
0 0 0 1 0 -1 13 5 0 1 1 E E 2 1.90333806e+03 6.04600000e-02 4
0 0 0 0 0 0 12 9 0 0 0 A A 1 6.49437203e+02 7.00000000e-03 34
0 0 0 1 0 -1 11 8 0 1 1 E E 2 1.64675129e+03 5.60000000e-02 6
0 0 0 0 0 0 14 3 0 0 0 A A 2 9.24848897e+02 1.51300000e-02 21
0 0 0 1 0 -1 13 2 0 1 1 E E 1 1.92279445e+03 6.51300000e-02 3
0 0 0 0 0 0 14 3 0 0 0 A A 1 9.24823572e+02 1.32300000e-02 22
0 0 0 1 0 -1 13 2 0 1 1 E E 2 1.92324745e+03 6.32300000e-02 3
0 0 0 0 0 0 13 6 0 0 0 A A 2 7.87771892e+02 1.21400000e-02 18
0 0 0 1 0 -1 12 5 0 1 1 E E 1 1.78757109e+03 1.22400000e-02 3
0 0 0 0 0 0 11 9 0 0 0 A A 2 5.43148752e+02 1.27300000e-02 24
0 0 0 1 0 -1 10 8 0 1 1 E E 1 1.54748465e+03 1.27300000e-02 4
0 0 0 0 0 0 13 3 0 0 0 A A 1 8.01535980e+02 1.04600000e-02 29
0 0 0 1 0 -1 12 2 0 1 1 E E 2 1.80761624e+03 5.60000000e-02 3
0 0 0 0 0 0 13 3 0 0 0 A A 2 8.01519487e+02 1.21400000e-02 22
0 0 0 1 0 -1 12 2 0 1 1 E E 1 1.80800764e+03 6.04400000e-02 5
0 0 0 0 0 0 12 6 0 0 0 A A 1 6.72985156e+02 6.00000000e-03 26
0 0 0 1 0 -1 11 5 0 1 1 E E 2 1.68040976e+03 5.50000000e-02 6
0 0 0 0 0 0 10 9 0 0 0 A A 1 4.45586051e+02 6.00000000e-03 31
0 0 0 1 0 -1 9 8 0 1 1 E E 2 1.45689125e+03 5.50000000e-02 4
0 0 0 0 0 0 17 0 0 0 0 A A 2 1.35041403e+03 3.36300000e-02 4
0 0 0 1 0 1 16 1 0 1 1 E E 1 2.36195609e+03 8.36300000e-02 2
0 0 0 0 0 0 12 3 0 0 0 A A 2 6.86857250e+02 1.14400000e-02 34
0 0 0 1 0 -1 11 2 0 1 1 E E 1 1.70107987e+03 6.04400000e-02 4
0 0 0 0 0 0 12 3 0 0 0 A A 1 6.86847158e+02 6.00000000e-03 34
0 0 0 1 0 -1 11 2 0 1 1 E E 2 1.70140923e+03 5.60000000e-02 4
0 0 0 0 0 0 11 6 0 0 0 A A 2 5.66875105e+02 9.63000000e-03 24
0 0 0 1 0 -1 10 5 0 1 1 E E 1 1.58188972e+03 1.06300000e-02 3
0 0 0 0 0 0 16 3 0 0 0 A A 1 1.19716235e+03 2.30000000e-02 11
0 0 0 1 0 1 15 4 0 1 1 E E 2 2.21319241e+03 6.32300000e-02 3
0 0 0 0 0 0 16 3 0 0 0 A A 2 1.19721651e+03 1.91300000e-02 9
0 0 0 1 0 1 15 4 0 1 1 E E 1 2.21402221e+03 6.51300000e-02 4
0 0 0 0 0 0 9 9 0 0 0 A A 2 3.56783164e+02 1.07300000e-02 15
0 0 0 1 0 -1 8 8 0 1 1 E E 1 1.37502428e+03 1.27300000e-02 1
0 0 0 0 0 0 15 3 0 0 0 A A 2 1.05671865e+03 1.66400000e-02 14
0 0 0 1 0 1 14 4 0 1 1 E E 1 2.07779375e+03 6.21400000e-02 4
0 0 0 0 0 0 15 0 0 0 0 A A 2 1.06119999e+03 2.01300000e-02 7
0 0 0 1 0 1 14 1 0 1 1 E E 1 2.08234339e+03 6.49000000e-02 3
0 0 0 0 0 0 15 9 0 0 0 A A 2 1.02028519e+03 1.61400000e-02 13
0 0 0 1 0 1 14 10 0 1 1 E E 1 2.04150324e+03 1.41400000e-02 3
0 0 0 0 0 0 15 3 0 0 0 A A 1 1.05675661e+03 1.80000000e-02 13
0 0 0 1 0 1 14 4 0 1 1 E E 2 2.07848074e+03 6.04600000e-02 5
0 0 0 0 0 0 15 6 0 0 0 A A 1 1.04322540e+03 1.80000000e-02 19
0 0 0 1 0 1 14 7 0 1 1 E E 2 2.06500417e+03 6.04600000e-02 5
0 0 0 0 0 0 11 3 0 0 0 A A 1 5.80850381e+02 6.00000000e-03 39
0 0 0 1 0 -1 10 2 0 1 1 E E 2 1.60321087e+03 5.50000000e-02 4
0 0 0 0 0 0 10 6 0 0 0 A A 1 4.69478967e+02 5.00000000e-03 45
0 0 0 1 0 -1 9 5 0 1 1 E E 2 1.49205024e+03 5.40000000e-02 6
0 0 0 0 0 0 11 3 0 0 0 A A 2 5.80844007e+02 1.04400000e-02 41
0 0 0 1 0 -1 10 2 0 1 1 E E 1 1.60347708e+03 5.94400000e-02 5
0 0 0 0 0 0 14 0 0 0 0 A A 1 9.29340249e+02 1.04600000e-02 14
0 0 0 1 0 1 13 1 0 1 1 E E 2 1.95549844e+03 5.60000000e-02 5
0 0 0 1 0 1 13 4 0 1 1 E E 2 1.95110939e+03 5.60000000e-02 5
0 0 0 1 0 1 13 10 0 1 1 E E 2 1.91483716e+03 5.70000000e-02 6
0 0 0 1 0 1 13 4 0 1 1 E E 1 1.95166966e+03 6.14400000e-02 5
0 0 0 1 0 1 13 7 0 1 1 E E 2 1.93834975e+03 5.60000000e-02 5
0 0 0 0 0 0 14 6 0 0 0 A A 2 9.11198898e+02 1.46300000e-02 14
0 0 0 1 0 1 13 7 0 1 1 E E 1 1.93837509e+03 1.26300000e-02 3
0 0 0 0 0 0 9 6 0 0 0 A A 2 3.80829042e+02 8.63000000e-03 36
0 0 0 1 0 -1 8 5 0 1 1 E E 1 1.41093518e+03 9.53000000e-03 3
0 0 0 0 0 0 10 3 0 0 0 A A 2 4.83549904e+02 1.04400000e-02 49
0 0 0 1 0 -1 9 2 0 1 1 E E 1 1.51403122e+03 5.94400000e-02 4
0 0 0 0 0 0 10 3 0 0 0 A A 1 4.83547119e+02 5.00000000e-03 49
0 0 0 1 0 -1 9 2 0 1 1 E E 2 1.51423794e+03 5.50000000e-02 4
0 0 0 0 0 0 13 0 0 0 0 A A 2 8.06070270e+02 1.49000000e-02 17
0 0 0 1 0 1 12 1 0 1 1 E E 1 1.83740231e+03 6.04400000e-02 4
0 0 0 1 0 1 12 4 0 1 1 E E 2 1.83365078e+03 5.60000000e-02 5
0 0 0 0 0 0 13 9 0 0 0 A A 2 7.64415315e+02 1.21400000e-02 16
0 0 0 1 0 1 12 10 0 1 1 E E 1 1.79700150e+03 1.41400000e-02 3
0 0 0 1 0 1 12 7 0 1 1 E E 1 1.82055218e+03 1.16300000e-02 2
0 0 0 0 0 0 13 6 0 0 0 A A 1 7.87772025e+02 1.04600000e-02 26
0 0 0 1 0 1 12 7 0 1 1 E E 2 1.82057400e+03 5.60000000e-02 6
0 0 0 0 0 0 12 0 0 0 0 A A 1 6.91431627e+02 6.00000000e-03 24
0 0 0 1 0 1 11 1 0 1 1 E E 2 1.72810991e+03 5.50000000e-02 5
0 0 0 1 0 1 11 4 0 1 1 E E 2 1.72413617e+03 5.50000000e-02 5
0 0 0 1 0 1 11 4 0 1 1 E E 1 1.72448727e+03 6.04400000e-02 7
0 0 0 0 0 0 8 6 0 0 0 A A 1 3.00955022e+02 4.00000000e-03 53
0 0 0 1 0 -1 7 5 0 1 1 E E 2 1.33859387e+03 5.40000000e-02 4
0 0 0 1 0 1 11 10 0 1 1 E E 2 1.68806098e+03 5.60000000e-02 6
0 0 0 1 0 1 11 7 0 1 1 E E 2 1.71164237e+03 5.50000000e-02 6
0 0 0 0 0 0 12 6 0 0 0 A A 2 6.72984708e+02 1.06300000e-02 15
0 0 0 1 0 1 11 7 0 1 1 E E 1 1.71166269e+03 1.16300000e-02 3
0 0 0 0 0 0 9 3 0 0 0 A A 2 3.94986611e+02 9.44000000e-03 59
0 0 0 1 0 -1 8 2 0 1 1 E E 1 1.43371349e+03 5.94400000e-02 3
0 0 0 0 0 0 11 0 0 0 0 A A 2 5.85461350e+02 1.04400000e-02 27
0 0 0 1 0 1 10 1 0 1 1 E E 1 1.62767413e+03 5.94400000e-02 5
0 0 0 1 0 1 10 4 0 1 1 E E 1 1.62397690e+03 5.94400000e-02 7
0 0 0 1 0 1 10 4 0 1 1 E E 2 1.62424259e+03 5.50000000e-02 7
0 0 0 0 0 0 10 0 0 0 0 A A 1 4.88194376e+02 5.00000000e-03 38
0 0 0 1 0 1 9 4 0 1 1 E E 2 1.53278830e+03 5.40000000e-02 9
0 0 0 1 0 1 10 7 0 1 1 E E 1 1.61167729e+03 1.06300000e-02 3
0 0 0 0 0 0 11 6 0 0 0 A A 1 5.66875352e+02 6.00000000e-03 31
0 0 0 1 0 1 10 7 0 1 1 E E 2 1.61171681e+03 5.50000000e-02 7
0 0 0 1 0 1 10 10 0 1 1 E E 1 1.58807004e+03 1.27300000e-02 3
0 0 0 0 0 0 7 6 0 0 0 A A 2 2.29885831e+02 7.53000000e-03 28
0 0 0 1 0 -1 6 5 0 1 1 E E 1 1.27508524e+03 9.53000000e-03 1
0 0 0 0 0 0 8 3 0 0 0 A A 2 3.15195761e+02 9.44000000e-03 62
0 0 0 1 0 -1 7 2 0 1 1 E E 1 1.36183370e+03 5.84400000e-02 4
0 0 0 0 0 0 8 3 0 0 0 A A 1 3.15195233e+02 4.00000000e-03 64
0 0 0 1 0 -1 7 2 0 1 1 E E 2 1.36193445e+03 5.40000000e-02 4
0 0 0 1 0 1 9 4 0 1 1 E E 1 1.53297991e+03 5.94400000e-02 6
0 0 0 0 0 0 10 6 0 0 0 A A 2 4.69478721e+02 9.63000000e-03 26
0 0 0 1 0 1 9 7 0 1 1 E E 1 1.52070166e+03 8.73000000e-03 4
0 0 0 1 0 1 9 7 0 1 1 E E 2 1.52070888e+03 5.40000000e-02 7
0 0 0 0 0 0 6 6 0 0 0 A A 1 1.67644934e+02 3.20000000e-03 34
0 0 0 1 0 -1 5 5 0 1 1 E E 2 1.22047242e+03 5.32000000e-02 2
0 0 0 0 0 0 9 0 0 0 0 A A 2 3.99662776e+02 9.44000000e-03 44
0 0 0 1 0 1 8 1 0 1 1 E E 1 1.45358246e+03 5.93300000e-02 5
0 0 0 0 0 0 7 3 0 0 0 A A 1 2.44199445e+02 4.00000000e-03 55
0 0 0 1 0 -1 6 2 0 1 1 E E 2 1.29887430e+03 5.30000000e-02 4
0 0 0 0 0 0 7 3 0 0 0 A A 2 2.44198835e+02 8.44000000e-03 66
0 0 0 1 0 -1 6 2 0 1 1 E E 1 1.29893498e+03 5.84400000e-02 4
0 0 0 1 0 1 8 4 0 1 1 E E 1 1.45063166e+03 5.84400000e-02 8
0 0 0 0 0 0 9 3 0 0 0 A A 1 3.94988742e+02 5.00000000e-03 56
0 0 0 1 0 1 8 4 0 1 1 E E 2 1.45076179e+03 5.40000000e-02 7
0 0 0 1 0 1 8 7 0 1 1 E E 1 1.43877907e+03 9.53000000e-03 3
0 0 0 0 0 0 8 0 0 0 0 A A 1 3.19897931e+02 4.00000000e-03 42
0 0 0 1 0 1 7 1 0 1 1 E E 2 1.38003011e+03 5.30000000e-02 5
0 0 0 1 0 1 7 4 0 1 1 E E 2 1.37762443e+03 6.30000000e-02 8
0 0 0 1 0 1 7 4 0 1 1 E E 1 1.37766819e+03 5.84400000e-02 7
0 0 0 0 0 0 6 3 0 0 0 A A 2 1.82022789e+02 8.53000000e-03 53
0 0 0 1 0 -1 5 2 0 1 1 E E 1 1.24472941e+03 8.43000000e-03 3
0 0 0 0 0 0 6 3 0 0 0 A A 1 1.82022836e+02 3.00000000e-03 67
0 0 0 1 0 -1 5 2 0 1 1 E E 2 1.24476203e+03 5.22000000e-02 6
0 0 0 0 0 0 7 0 0 0 0 A A 2 2.48925031e+02 9.33000000e-03 47
0 0 0 1 0 1 6 4 0 1 1 E E 1 1.31362439e+03 8.63000000e-03 9
0 0 0 1 0 1 7 7 0 1 1 E E 2 1.36592058e+03 5.32000000e-02 6
0 0 0 1 0 1 6 1 0 1 1 E E 1 1.31553862e+03 5.83300000e-02 6
0 0 0 1 0 1 6 4 0 1 1 E E 2 1.31366823e+03 5.30000000e-02 8
0 0 0 0 0 0 5 3 0 0 0 A A 1 1.28688327e+02 3.00000000e-03 63
0 0 0 1 0 -1 4 2 0 1 1 E E 2 1.19945885e+03 5.22000000e-02 4
0 0 0 0 0 0 5 3 0 0 0 A A 2 1.28688212e+02 8.33000000e-03 53
0 0 0 1 0 -1 4 2 0 1 1 E E 1 1.19947347e+03 1.03300000e-02 2
0 0 0 0 0 0 6 0 0 0 0 A A 1 1.86770248e+02 3.00000000e-03 45
0 0 0 1 0 1 5 1 0 1 1 E E 2 1.26015580e+03 5.20000000e-02 4
0 0 0 1 0 1 5 4 0 1 1 E E 2 1.25884060e+03 5.20000000e-02 9
0 0 0 1 0 1 5 4 0 1 1 E E 1 1.25885978e+03 8.43000000e-03 4
0 0 0 0 0 0 4 3 0 0 0 A A 2 8.42141460e+01 8.33000000e-03 38
0 0 0 1 0 -1 3 2 0 1 1 E E 1 1.16313048e+03 8.43000000e-03 3
0 0 0 0 0 0 4 3 0 0 0 A A 1 8.42142950e+01 2.20000000e-03 53
0 0 0 1 0 -1 3 2 0 1 1 E E 2 1.16313548e+03 5.22000000e-02 4
0 0 0 0 0 0 5 0 0 0 0 A A 2 1.33453827e+02 8.33000000e-03 42
0 0 0 1 0 1 4 1 0 1 1 E E 1 1.21392558e+03 5.73300000e-02 5
0 0 0 1 0 1 4 4 0 1 1 E E 1 1.21321884e+03 8.43000000e-03 4
0 0 0 1 0 1 4 4 0 1 1 E E 2 1.21322430e+03 5.22000000e-02 6
0 0 0 0 0 0 4 0 0 0 0 A A 1 8.89951740e+01 2.00000000e-03 45
0 0 0 1 0 1 3 1 0 1 1 E E 2 1.17688790e+03 5.10000000e-02 4
0 0 0 0 0 0 3 0 0 0 0 A A 2 5.34094320e+01 7.73000000e-03 39
0 0 0 1 0 1 2 1 0 1 1 E E 1 1.14907839e+03 5.77300000e-02 4
0 0 0 0 0 0 9 9 0 0 0 A A 1 3.56783144e+02 5.00000000e-03 23
0 0 0 0 0 0 10 9 0 0 0 A A 2 4.45586389e+02 1.27300000e-02 14
0 0 0 0 0 0 11 9 0 0 0 A A 1 5.43148920e+02 6.00000000e-03 32
0 0 0 0 0 0 2 0 0 0 0 A A 1 2.67093350e+01 1.00000000e-03 40
0 0 0 1 0 1 1 1 0 1 1 E E 2 1.13052271e+03 5.00000000e-02 4
0 0 0 0 0 0 12 9 0 0 0 A A 2 6.49437262e+02 1.21400000e-02 16
0 0 0 1 0 -1 12 8 0 1 1 E E 1 1.75464726e+03 1.41400000e-02 2
0 0 0 0 0 0 13 9 0 0 0 A A 1 7.64415326e+02 8.00000000e-03 24
0 0 0 0 0 0 7 6 0 0 0 A A 1 2.29885525e+02 4.00000000e-03 35
0 0 0 0 0 0 8 6 0 0 0 A A 2 3.00955390e+02 8.63000000e-03 29
0 0 0 0 0 0 9 6 0 0 0 A A 1 3.80828830e+02 5.00000000e-03 40
0 0 0 0 0 0 3 3 0 0 0 A A 2 4.86158410e+01 7.33000000e-03 26
0 0 0 1 0 -1 8 2 0 1 1 E E 2 1.43356417e+03 5.40000000e-02 3
0 0 0 0 0 0 17 6 0 0 0 A A 2 1.33290191e+03 2.36300000e-02 10
0 0 0 1 0 -1 17 5 0 1 1 E E 1 2.45177982e+03 2.66710000e-02 1
0 0 0 1 0 1 3 1 0 1 1 E E 1 1.17482391e+03 5.77300000e-02 2
0 0 0 1 0 1 4 1 0 1 1 E E 2 1.21052707e+03 5.20000000e-02 2
0 0 0 1 0 1 5 1 0 1 1 E E 1 1.25513131e+03 5.83300000e-02 2
0 0 0 1 0 -1 14 2 0 1 1 E E 1 2.04710322e+03 1.92716000e-01 2
0 0 0 1 0 1 9 1 0 1 1 E E 1 1.52218245e+03 5.94400000e-02 4
0 0 0 1 0 -1 15 2 0 1 1 E E 2 2.17958837e+03 2.39021000e-01 2
0 0 0 1 0 1 11 1 0 1 1 E E 1 1.70849372e+03 6.04400000e-02 3
0 0 0 1 0 1 12 1 0 1 1 E E 2 1.81475597e+03 5.60000000e-02 3
0 0 0 0 0 0 0 0 0 0 0 A A 1 0.00000000e+00 0.00000000e+00 15
0 1 0 0 0 0 5 0 0 0 0 A A 2 1.12046195e+03 5.50000000e-03 10
0 2 0 0 0 0 4 0 0 0 0 A A 1 2.05543219e+03 6.50000000e-03 2
0 1 0 0 0 0 10 9 0 0 0 A A 2 1.43463522e+03 8.50000000e-03 8
0 2 0 0 0 0 11 9 0 0 0 A A 1 2.50408178e+03 1.05000000e-02 3
0 1 0 0 0 0 9 0 0 0 0 A A 2 1.37753027e+03 7.50000000e-03 7
0 2 0 0 0 0 10 0 0 0 0 A A 1 2.42978201e+03 9.50000000e-03 2
0 1 0 0 0 0 8 6 0 0 0 A A 2 1.28782378e+03 6.50000000e-03 8
0 2 0 0 0 0 9 6 0 0 0 A A 1 2.33897583e+03 8.50000000e-03 3
0 1 0 0 0 0 8 3 0 0 0 A A 2 1.29722051e+03 6.50000000e-03 10
0 2 0 0 0 0 9 3 0 0 0 A A 1 2.34454122e+03 8.50000000e-03 1
0 1 0 0 0 0 7 3 0 0 0 A A 2 1.22868880e+03 6.50000000e-03 10
0 2 0 0 0 0 6 3 0 0 0 A A 1 2.14502239e+03 8.50000000e-03 2
0 1 0 0 0 0 8 0 0 0 0 A A 1 1.30037466e+03 8.23000000e-03 9
0 2 0 0 0 0 9 0 0 0 0 A A 2 2.34642984e+03 6.23000000e-03 2
0 1 0 0 0 0 7 0 0 0 0 A A 2 1.23181253e+03 6.50000000e-03 11
0 2 0 0 0 0 8 0 0 0 0 A A 1 2.27148138e+03 8.50000000e-03 2
0 1 0 0 0 0 6 6 0 0 0 A A 2 1.15960524e+03 5.50000000e-03 7
0 2 0 0 0 0 7 6 0 0 0 A A 1 2.19801541e+03 7.50000000e-03 3
0 1 0 0 0 0 6 0 0 0 0 A A 1 1.17184253e+03 7.23000000e-03 10
0 2 0 0 0 0 7 0 0 0 0 A A 2 2.20492375e+03 5.23000000e-03 2
0 1 0 0 0 0 4 3 0 0 0 A A 2 1.07463926e+03 5.50000000e-03 8
0 2 0 0 0 0 5 3 0 0 0 A A 1 2.09525189e+03 7.50000000e-03 3
0 1 0 0 0 0 3 3 0 0 0 A A 1 1.04044125e+03 7.23000000e-03 3
0 2 0 0 0 0 4 3 0 0 0 A A 2 2.05381351e+03 5.23000000e-03 3
0 1 0 0 0 0 3 0 0 0 0 A A 2 1.04344008e+03 4.50000000e-03 11
0 1 0 0 0 0 2 0 0 0 0 A A 1 1.01778243e+03 5.23000000e-03 7
0 2 0 0 0 0 3 0 0 0 0 A A 2 2.02226953e+03 3.23000000e-03 3
0 2 0 0 0 0 6 0 0 0 0 A A 1 2.14674151e+03 8.50000000e-03 2
0 1 0 0 0 0 1 0 0 0 0 A A 2 1.00068271e+03 3.50000000e-03 7
0 2 0 0 0 0 2 0 0 0 0 A A 1 1.99741276e+03 5.50000000e-03 3
0 2 0 0 0 0 6 6 0 0 0 A A 1 2.14008396e+03 7.50000000e-03 2
0 1 0 0 0 0 3 3 0 0 0 A A 2 1.04044304e+03 4.70000000e-03 6
0 2 0 0 0 0 3 3 0 0 0 A A 1 2.02069052e+03 6.70000000e-03 2
0 1 0 0 0 0 4 3 0 0 0 A A 1 1.07463883e+03 5.50000000e-03 5
0 1 0 0 0 0 7 6 0 0 0 A A 1 1.21941744e+03 7.43000000e-03 5
0 2 0 0 0 0 7 6 0 0 0 A A 2 2.19801561e+03 5.43000000e-03 3
0 1 0 0 0 0 8 6 0 0 0 A A 1 1.28782374e+03 8.23000000e-03 11
0 2 0 0 0 0 8 6 0 0 0 A A 2 2.26430501e+03 6.23000000e-03 2
0 1 0 0 0 0 11 9 0 0 0 A A 1 1.52860128e+03 1.02300000e-02 5
0 2 0 0 0 0 11 9 0 0 0 A A 2 2.50408169e+03 8.23000000e-03 3
0 1 0 0 0 0 9 6 0 0 0 A A 2 1.36482963e+03 7.50000000e-03 13
0 1 0 0 0 0 4 0 0 0 0 A A 1 1.07766381e+03 5.23000000e-03 6
0 1 0 0 0 0 5 3 0 0 0 A A 2 1.11740603e+03 5.50000000e-03 10
0 2 0 0 0 0 4 3 0 0 0 A A 1 2.05381412e+03 7.50000000e-03 2
0 1 0 0 0 0 6 6 0 0 0 A A 1 1.15960573e+03 9.44000000e-03 6
0 0 0 1 0 1 10 1 0 1 1 E E 2 1.61092885e+03 5.50000000e-02 6
0 1 0 0 0 0 7 6 0 0 0 A A 2 1.21941733e+03 6.50000000e-03 11
0 0 0 1 0 1 12 4 0 1 1 E E 1 1.83320183e+03 6.04400000e-02 5
0 0 0 0 0 0 14 12 0 0 0 A A 2 8.54722687e+02 1.71400000e-02 6
0 0 0 1 0 1 14 13 0 1 1 E E 1 2.00609509e+03 1.91400000e-02 2
0 0 0 1 0 1 14 7 0 1 1 E E 1 2.06497247e+03 1.41400000e-02 2
0 1 0 0 0 0 9 9 0 0 0 A A 2 1.34928704e+03 7.50000000e-03 9
0 0 0 0 0 0 15 12 0 0 0 A A 1 9.87273765e+02 1.80000000e-02 14
0 0 0 1 0 1 15 13 0 1 1 E E 2 2.14189748e+03 2.55000000e-02 5
0 0 0 0 0 0 18 18 0 0 0 A A 1 1.33911077e+03 3.30000000e-02 6
0 1 0 0 0 0 19 18 0 0 0 A A 2 2.49618623e+03 3.50000000e-02 5
0 0 0 1 0 1 15 10 0 1 1 E E 1 2.17687388e+03 1.71300000e-02 2
0 0 0 0 0 0 15 9 0 0 0 A A 1 1.02028541e+03 1.80000000e-02 18
0 0 0 1 0 1 15 10 0 1 1 E E 2 2.17688927e+03 2.55000000e-02 6
0 1 0 0 0 0 14 6 0 0 0 A A 2 1.87868196e+03 1.55000000e-02 10
0 0 0 1 0 1 15 7 0 1 1 E E 2 2.20035600e+03 6.30000000e-02 5
0 0 0 1 0 1 15 7 0 1 1 E E 1 2.20039600e+03 1.66300000e-02 2
0 1 0 0 0 0 8 3 0 0 0 A A 1 1.29721456e+03 8.54000000e-03 6
0 0 0 0 0 0 17 12 0 0 0 A A 1 1.27807475e+03 2.80000000e-02 14
0 0 0 1 0 1 17 13 0 1 1 E E 2 2.43961977e+03 3.00000000e-02 3
0 0 0 0 0 0 3 3 0 0 0 A A 1 4.86160390e+01 3.00000000e-03 30
0 0 0 0 0 0 18 15 0 0 0 A A 1 1.39359138e+03 3.30000000e-02 8
0 1 0 0 0 0 19 15 0 0 0 A A 2 2.53357560e+03 3.81400000e-02 8
0 0 0 0 0 0 17 15 0 0 0 A A 2 1.23495896e+03 2.11400000e-02 6
0 1 0 0 0 0 18 15 0 0 0 A A 1 2.37174417e+03 2.31400000e-02 7
0 0 0 0 0 0 16 15 0 0 0 A A 1 1.08483191e+03 2.30000000e-02 9
0 1 0 0 0 0 17 15 0 0 0 A A 2 2.21848992e+03 3.05000000e-02 9
0 0 0 0 0 0 15 15 0 0 0 A A 2 9.43259022e+02 2.11400000e-02 5
0 1 0 0 0 0 16 15 0 0 0 A A 1 2.07387695e+03 2.31400000e-02 4
0 0 0 0 0 0 18 12 0 0 0 A A 1 1.43622953e+03 3.30000000e-02 10
0 1 0 0 0 0 19 12 0 0 0 A A 2 2.56461997e+03 3.31400000e-02 9
0 1 0 0 0 0 18 12 0 0 0 A A 1 2.40251691e+03 2.31400000e-02 5
0 1 0 0 0 0 10 9 0 0 0 A A 1 1.43463524e+03 1.07400000e-02 6
0 1 0 0 0 0 17 12 0 0 0 A A 2 2.24886609e+03 3.05000000e-02 10
0 1 0 0 0 0 9 3 0 0 0 A A 1 1.37434564e+03 9.54000000e-03 8
0 1 0 0 0 0 9 3 0 0 0 A A 2 1.37433565e+03 7.50000000e-03 11
0 0 0 0 0 0 15 12 0 0 0 A A 2 9.87273477e+02 1.66400000e-02 10
0 1 0 0 0 0 16 12 0 0 0 A A 1 2.10372068e+03 1.86400000e-02 6
0 0 0 0 0 0 17 9 0 0 0 A A 2 1.31041971e+03 2.11400000e-02 9
0 1 0 0 0 0 18 9 0 0 0 A A 1 2.42635126e+03 2.31400000e-02 6
0 1 0 0 0 0 15 12 0 0 0 A A 2 1.96711857e+03 2.05000000e-02 10
0 0 0 0 0 0 16 9 0 0 0 A A 2 1.16109171e+03 1.91300000e-02 9
0 1 0 0 0 0 17 9 0 0 0 A A 1 2.27258432e+03 2.11300000e-02 7
0 0 0 1 0 1 9 1 0 1 1 E E 2 1.53614814e+03 5.40000000e-02 4
0 0 0 0 0 0 13 12 0 0 0 A A 2 7.30798277e+02 1.71400000e-02 10
0 1 0 0 0 0 14 12 0 0 0 A A 1 1.83910452e+03 1.86400000e-02 6
0 1 0 0 0 0 16 9 0 0 0 A A 2 2.12726500e+03 2.55000000e-02 7
0 1 0 0 0 0 10 6 0 0 0 A A 1 1.45043627e+03 1.06300000e-02 7
0 1 0 0 0 0 13 12 0 0 0 A A 2 1.71971153e+03 1.05000000e-02 10
0 1 0 0 0 0 15 9 0 0 0 A A 2 1.99043112e+03 2.05000000e-02 11
0 1 0 0 0 0 17 3 0 0 0 A A 2 2.29928354e+03 3.05000000e-02 5
0 0 0 0 0 0 16 0 0 0 0 A A 1 1.20160965e+03 2.80000000e-02 5
0 1 0 0 0 0 17 0 0 0 0 A A 2 2.30272984e+03 3.55000000e-02 3
0 1 0 0 0 0 16 6 0 0 0 A A 2 2.14402270e+03 2.55000000e-02 9
0 1 0 0 0 0 14 9 0 0 0 A A 1 1.86211866e+03 1.41400000e-02 7
0 1 0 0 0 0 16 3 0 0 0 A A 2 2.15410865e+03 2.55000000e-02 5
0 1 0 0 0 0 16 3 0 0 0 A A 1 2.15392405e+03 2.16300000e-02 4
0 1 0 0 0 0 15 6 0 0 0 A A 1 2.00710613e+03 1.66300000e-02 7
0 1 0 0 0 0 13 9 0 0 0 A A 2 1.74235964e+03 1.05000000e-02 13
0 1 0 0 0 0 10 3 0 0 0 A A 2 1.46006432e+03 7.50000000e-03 11
0 1 0 0 0 0 15 3 0 0 0 A A 1 2.01713892e+03 1.91400000e-02 9
0 1 0 0 0 0 15 0 0 0 0 A A 2 2.02038411e+03 2.55000000e-02 5
0 1 0 0 0 0 10 3 0 0 0 A A 1 1.46004587e+03 9.54000000e-03 7
0 1 0 0 0 0 12 9 0 0 0 A A 1 1.63118037e+03 1.46400000e-02 7
0 1 0 0 0 0 14 3 0 0 0 A A 2 1.88865385e+03 1.55000000e-02 9
0 1 0 0 0 0 14 3 0 0 0 A A 1 1.88855733e+03 1.76300000e-02 9
0 1 0 0 0 0 11 9 0 0 0 A A 2 1.52860125e+03 8.50000000e-03 9
0 1 0 0 0 0 14 0 0 0 0 A A 1 1.89190661e+03 1.71300000e-02 5
0 1 0 0 0 0 13 6 0 0 0 A A 1 1.75877944e+03 1.26300000e-02 8
0 1 0 0 0 0 13 3 0 0 0 A A 1 1.76868121e+03 1.46400000e-02 9
0 1 0 0 0 0 13 3 0 0 0 A A 2 1.76861418e+03 1.29600000e-02 10
0 1 0 0 0 0 12 6 0 0 0 A A 2 1.64742495e+03 8.50000000e-03 12
0 1 0 0 0 0 12 12 0 0 0 A A 1 1.60894960e+03 1.46400000e-02 4
0 1 0 0 0 0 13 0 0 0 0 A A 2 1.77193454e+03 1.29600000e-02 8
0 1 0 0 0 0 12 3 0 0 0 A A 2 1.65724575e+03 8.50000000e-03 11
0 1 0 0 0 0 12 3 0 0 0 A A 1 1.65720038e+03 1.24400000e-02 7
0 1 0 0 0 0 11 6 0 0 0 A A 1 1.54463823e+03 9.64000000e-03 10
0 1 0 0 0 0 10 0 0 0 0 A A 1 1.46327377e+03 1.29400000e-02 5
0 1 0 0 0 0 12 0 0 0 0 A A 1 1.66049101e+03 1.39400000e-02 6
0 1 0 0 0 0 11 3 0 0 0 A A 1 1.55436791e+03 1.24400000e-02 5
0 1 0 0 0 0 11 3 0 0 0 A A 2 1.55433893e+03 8.50000000e-03 11
0 1 0 0 0 0 11 0 0 0 0 A A 2 1.55759869e+03 8.50000000e-03 7
0 0 0 1 0 1 13 13 0 1 1 E E 2 1.87909032e+03 1.55000000e-02 4
0 1 0 0 0 0 5 3 0 0 0 A A 1 1.11740625e+03 1.03300000e-02 5
0 0 0 0 0 0 14 9 0 0 0 A A 2 8.88045138e+02 1.51300000e-02 9
0 0 0 0 0 0 1 0 0 0 0 A A 2 8.90338700e+00 7.73000000e-03 29
0 0 0 1 0 1 16 10 0 1 1 E E 2 2.32141554e+03 3.05000000e-02 3
0 0 0 1 0 1 16 7 0 1 1 E E 1 2.34443496e+03 2.06300000e-02 3
0 0 0 1 0 1 16 7 0 1 1 E E 2 2.34448602e+03 2.00000000e-02 1
0 0 0 1 0 1 16 10 0 1 1 E E 1 2.32158578e+03 1.81400000e-02 1
0 0 0 0 0 0 18 18 0 0 0 A A 2 1.33910991e+03 2.61400000e-02 3
0 1 0 0 0 0 18 18 0 0 0 A A 1 2.33512372e+03 2.81400000e-02 2
0 0 0 0 0 0 15 15 0 0 0 A A 1 9.43259385e+02 1.80000000e-02 7
0 1 0 0 0 0 15 15 0 0 0 A A 2 1.93786509e+03 2.05000000e-02 4
0 0 0 0 0 0 12 12 0 0 0 A A 2 6.15542412e+02 1.27300000e-02 7
0 0 0 0 0 0 6 6 0 0 0 A A 2 1.67645043e+02 7.44000000e-03 16
0 0 0 0 0 0 19 18 0 0 0 A A 1 1.50683566e+03 3.80000000e-02 6
0 0 0 0 0 0 13 12 0 0 0 A A 1 7.30798323e+02 1.20000000e-02 19
0 0 0 1 0 1 17 10 0 1 1 E E 2 2.47419104e+03 3.55000000e-02 4
0 0 0 0 0 0 17 15 0 0 0 A A 1 1.23495945e+03 2.80000000e-02 9
0 1 0 0 0 0 0 0 0 0 0 A A 1 9.92133801e+02 5.77300000e-02 3
0 1 0 0 0 0 10 6 0 0 0 A A 2 1.45043663e+03 7.50000000e-03 9
0 0 0 0 0 0 18 15 0 0 0 A A 2 1.39359108e+03 2.56400000e-02 5
0 0 0 0 0 0 19 15 0 0 0 A A 1 1.56067589e+03 3.75000000e-02 7
0 0 0 1 0 1 18 13 0 1 1 E E 1 2.60138298e+03 2.31400000e-02 1
0 0 0 0 0 0 18 12 0 0 0 A A 2 1.43622904e+03 2.36300000e-02 8
0 0 0 0 0 0 19 12 0 0 0 A A 1 1.60282029e+03 3.56400000e-02 8
0 0 0 1 0 1 19 13 0 1 1 E E 2 2.77159602e+03 3.31400000e-02 2
0 1 0 0 0 0 13 6 0 0 0 A A 2 1.75877948e+03 1.29600000e-02 9
0 1 0 0 0 0 12 6 0 0 0 A A 1 1.64742465e+03 9.64000000e-03 6
0 1 0 0 0 0 11 6 0 0 0 A A 2 1.54463845e+03 8.50000000e-03 10
0 1 0 0 0 0 13 9 0 0 0 A A 1 1.74235963e+03 1.46400000e-02 6
0 1 0 0 0 0 14 9 0 0 0 A A 2 1.86211886e+03 1.55000000e-02 8
0 1 0 0 0 0 6 3 0 0 0 A A 1 1.16875276e+03 8.45000000e-03 4
0 3 0 0 0 0 9 0 0 0 0 A A 2 3.30536621e+03 9.00000000e-03 5
0 3 0 0 0 0 9 3 0 0 0 A A 2 3.30449168e+03 3.90000000e-02 5
0 3 0 0 0 0 10 6 0 0 0 A A 1 3.38328164e+03 1.44400000e-02 6
0 3 0 0 0 0 10 9 0 0 0 A A 1 3.37991279e+03 1.77300000e-02 4
0 3 0 0 0 0 10 9 0 0 0 A A 2 3.37991250e+03 1.00000000e-02 2
0 3 0 0 0 0 5 3 0 0 0 A A 2 3.06146115e+03 3.72000000e-02 7
0 3 0 0 0 0 5 3 0 0 0 A A 1 3.06146095e+03 1.33300000e-02 3
0 3 0 0 0 0 6 3 0 0 0 A A 1 3.10997458e+03 4.33300000e-02 5
0 0 1 0 -1 0 9 8 1 0 1 E E 2 2.69242671e+03 8.23000000e-03 2
1 0 0 0 0 0 2 0 0 0 0 A A 1 2.34755665e+03 9.96000000e-03 5
0 0 1 0 1 0 2 1 1 0 1 E E 1 2.35265768e+03 9.96000000e-03 5
0 0 1 0 1 0 3 1 1 0 1 E E 2 2.37908706e+03 3.23000000e-03 5
1 0 0 0 0 0 4 3 0 0 0 A A 2 2.40449528e+03 4.43000000e-03 4
0 0 1 0 1 0 4 1 1 0 1 E E 1 2.41431356e+03 9.96000000e-03 4
1 0 0 0 0 0 5 3 0 0 0 A A 2 2.44849551e+03 4.43000000e-03 2
0 0 1 0 1 0 5 4 1 0 1 E E 2 2.45051357e+03 4.43000000e-03 4
1 0 0 0 0 0 10 6 0 0 0 A A 2 2.78695397e+03 1.10000000e-02 1
0 0 1 0 1 0 5 1 1 0 1 E E 2 2.45832833e+03 4.23000000e-03 4
1 0 0 0 0 0 6 3 0 0 0 A A 2 2.50128059e+03 5.23000000e-03 3
0 0 1 0 1 0 6 4 1 0 1 E E 2 2.50340712e+03 5.23000000e-03 3
0 0 1 0 1 0 6 1 1 0 1 E E 1 2.51111909e+03 1.05600000e-02 5
1 0 0 0 0 0 7 0 0 0 0 A A 2 2.56729909e+03 6.23000000e-03 4
1 0 0 0 0 0 7 3 0 0 0 A A 2 2.56284147e+03 5.23000000e-03 3
1 0 0 0 0 0 9 6 0 0 0 A A 2 2.69891018e+03 6.23000000e-03 4
1 0 0 0 0 0 8 6 0 0 0 A A 2 2.61959486e+03 6.23000000e-03 3
0 0 1 0 1 0 8 4 1 0 1 E E 1 2.63551456e+03 1.16700000e-02 2
0 0 1 0 1 0 8 4 1 0 1 E E 2 2.63551637e+03 7.23000000e-03 2
0 0 1 0 -1 0 2 2 1 0 1 E E 1 2.35159184e+03 1.33300000e-02 1
0 0 1 0 1 0 11 1 1 0 1 E E 1 2.90681810e+03 1.26700000e-02 3
0 0 1 0 1 0 10 1 1 0 1 E E 2 2.81030521e+03 7.23000000e-03 3
0 0 1 0 1 0 4 4 1 0 1 E E 2 2.40641385e+03 5.23000000e-03 3
0 0 1 0 -1 0 2 2 1 0 1 E E 2 2.35159204e+03 9.00000000e-03 1
0 0 1 0 1 0 8 1 1 0 1 E E 2 2.64336540e+03 6.23000000e-03 3
1 0 0 0 0 0 1 0 0 0 0 A A 2 2.32993453e+03 2.23000000e-03 5
0 0 1 0 1 0 6 1 1 0 1 E E 2 2.51135573e+03 5.23000000e-03 3
0 0 1 0 1 0 5 1 1 0 1 E E 1 2.45849779e+03 1.05600000e-02 3
0 0 1 0 1 0 4 1 1 0 1 E E 2 2.41442637e+03 4.23000000e-03 3
0 0 1 0 1 0 3 1 1 0 1 E E 1 2.37915423e+03 9.96000000e-03 3
0 0 1 0 1 0 2 1 1 0 1 E E 2 2.35269172e+03 3.23000000e-03 3
0 0 1 0 -1 0 9 2 1 0 1 E E 2 2.72141721e+03 6.23000000e-03 7
0 0 1 0 -1 0 8 2 1 0 1 E E 2 2.64194062e+03 6.23000000e-03 7
0 0 1 0 -1 0 8 2 1 0 1 E E 1 2.64228843e+03 1.06700000e-02 6
0 0 1 0 1 0 1 1 1 0 1 E E 2 2.33503441e+03 2.23000000e-03 6
0 0 1 0 -1 0 7 2 1 0 1 E E 1 2.57165698e+03 1.06700000e-02 7
0 0 1 0 -1 0 7 2 1 0 1 E E 2 2.57188431e+03 5.23000000e-03 7
0 0 1 0 -1 0 6 2 1 0 1 E E 2 2.51010548e+03 5.23000000e-03 7
0 0 1 0 -1 0 6 2 1 0 1 E E 1 2.51023868e+03 1.05600000e-02 7
0 0 1 0 -1 0 5 2 1 0 1 E E 1 2.45730548e+03 1.05600000e-02 7
0 0 1 0 -1 0 4 2 1 0 1 E E 2 2.41327714e+03 4.43000000e-03 7
0 0 1 0 -1 0 4 2 1 0 1 E E 1 2.41330661e+03 9.56000000e-03 7
0 0 1 0 -1 0 3 2 1 0 1 E E 1 2.37803381e+03 9.56000000e-03 3
0 0 1 0 -1 0 3 2 1 0 1 E E 2 2.37804433e+03 4.43000000e-03 2
0 0 1 0 -1 0 9 5 1 0 1 E E 2 2.71065883e+03 1.10000000e-02 1
0 0 1 0 -1 0 7 5 1 0 1 E E 2 2.56156968e+03 5.43000000e-03 4
0 0 1 0 -1 0 6 5 1 0 1 E E 2 2.50004468e+03 5.43000000e-03 3
0 3 0 0 0 0 1 0 0 0 0 A A 2 2.94884262e+03 3.50000000e-02 2
0 3 0 0 0 0 10 0 0 0 0 A A 1 3.38672776e+03 4.44400000e-02 4
0 3 0 0 0 0 7 3 0 0 0 A A 1 3.16665526e+03 4.34400000e-02 3
0 3 0 0 0 0 8 3 0 0 0 A A 2 3.23152361e+03 3.90000000e-02 3
0 3 0 0 0 0 9 3 0 0 0 A A 1 3.30458869e+03 4.44400000e-02 3
0 3 0 0 0 0 11 3 0 0 0 A A 1 3.47543935e+03 4.54400000e-02 3
0 3 0 0 0 0 12 3 0 0 0 A A 2 3.57327087e+03 4.10000000e-02 2
0 3 0 0 0 0 3 3 0 0 0 A A 2 2.98878767e+03 3.72000000e-02 2
0 3 0 0 0 0 4 3 0 0 0 A A 1 3.02107443e+03 4.23300000e-02 3
0 3 0 0 0 0 11 0 0 0 0 A A 2 3.47633059e+03 4.00000000e-02 4
0 3 0 0 0 0 8 3 0 0 0 A A 1 3.23147002e+03 4.34400000e-02 4
0 3 0 0 0 0 11 3 0 0 0 A A 2 3.47521304e+03 4.00000000e-02 4
0 3 0 0 0 0 12 0 0 0 0 A A 1 3.57419940e+03 4.54400000e-02 4
0 3 0 0 0 0 6 6 0 0 0 A A 2 3.10846933e+03 3.82000000e-02 1
0 3 0 0 0 0 13 0 0 0 0 A A 2 3.68033240e+03 4.10000000e-02 2
0 3 0 0 0 0 8 6 0 0 0 A A 2 3.22951592e+03 3.90000000e-02 1
0 3 0 0 0 0 9 6 0 0 0 A A 1 3.30229344e+03 4.36300000e-02 1
0 3 0 0 0 0 10 6 0 0 0 A A 2 3.38328567e+03 4.00000000e-02 1
0 3 0 0 0 0 11 6 0 0 0 A A 1 3.47251951e+03 4.46300000e-02 1
0 3 0 0 0 0 9 9 0 0 0 A A 1 3.29942826e+03 4.57300000e-02 1
0 3 0 0 0 0 11 9 0 0 0 A A 1 3.46859555e+03 4.77300000e-02 1
0 3 0 0 0 0 12 9 0 0 0 A A 2 3.56552480e+03 4.20000000e-02 1
0 3 0 0 0 0 13 9 0 0 0 A A 1 3.67075232e+03 4.71400000e-02 1
0 3 0 0 0 0 12 12 0 0 0 A A 2 3.56101486e+03 4.60000000e-02 1
0 3 0 0 0 0 13 12 0 0 0 A A 1 3.66533408e+03 5.21400000e-02 1
0 3 0 0 0 0 14 12 0 0 0 A A 2 3.77788063e+03 4.70000000e-02 2
0 3 0 0 0 0 15 12 0 0 0 A A 1 3.89881368e+03 5.16400000e-02 1
0 3 0 0 0 0 15 15 0 0 0 A A 1 3.89236312e+03 5.61400000e-02 1
0 3 0 0 0 0 16 15 0 0 0 A A 2 4.02022671e+03 5.80000000e-02 1
0 3 0 0 0 0 17 15 0 0 0 A A 1 4.15635256e+03 5.61400000e-02 1
0 3 0 0 0 0 18 18 0 0 0 A A 2 4.29236817e+03 6.80000000e-02 1
0 3 0 0 0 0 0 0 0 0 0 A A 1 2.94077079e+03 4.27300000e-02 1
0 3 0 0 0 0 2 0 0 0 0 A A 1 2.96498931e+03 4.27300000e-02 2
0 3 0 0 0 0 3 0 0 0 0 A A 2 2.98922215e+03 3.60000000e-02 2
0 3 0 0 0 0 4 0 0 0 0 A A 1 3.02155223e+03 4.27300000e-02 2
0 3 0 0 0 0 5 0 0 0 0 A A 2 3.06199582e+03 3.70000000e-02 3
0 3 0 0 0 0 6 0 0 0 0 A A 1 3.11057753e+03 4.33300000e-02 3
0 3 0 0 0 0 7 0 0 0 0 A A 2 3.16732084e+03 3.80000000e-02 3
0 3 0 0 0 0 8 0 0 0 0 A A 1 3.23224169e+03 4.34400000e-02 4
0 3 0 0 0 0 7 3 0 0 0 A A 2 3.16663593e+03 3.80000000e-02 3
0 3 0 0 0 0 10 3 0 0 0 A A 1 3.38573639e+03 4.44400000e-02 4
0 3 0 0 0 0 12 3 0 0 0 A A 1 3.57294018e+03 4.71400000e-02 2
0 3 0 0 0 0 13 3 0 0 0 A A 2 3.67893181e+03 4.54600000e-02 2
0 3 0 0 0 0 10 3 0 0 0 A A 2 3.38588836e+03 4.00000000e-02 2
0 3 0 0 0 0 6 6 0 0 0 A A 1 3.10847143e+03 4.25300000e-02 1
0 3 0 0 0 0 7 6 0 0 0 A A 2 3.16492278e+03 3.82000000e-02 2
0 3 0 0 0 0 8 6 0 0 0 A A 1 3.22951904e+03 4.25300000e-02 2
0 3 0 0 0 0 9 6 0 0 0 A A 2 3.30229339e+03 3.90000000e-02 2
0 3 0 0 0 0 11 6 0 0 0 A A 2 3.47251426e+03 4.00000000e-02 2
0 3 0 0 0 0 12 6 0 0 0 A A 1 3.57000970e+03 4.46300000e-02 2
0 3 0 0 0 0 13 6 0 0 0 A A 2 3.67578408e+03 4.10000000e-02 2
0 3 0 0 0 0 14 6 0 0 0 A A 1 3.78983659e+03 5.36300000e-02 1
0 3 0 0 0 0 11 9 0 0 0 A A 2 3.46858968e+03 4.10000000e-02 2
0 3 0 0 0 0 12 9 0 0 0 A A 1 3.56552163e+03 4.71400000e-02 2
0 3 0 0 0 0 13 9 0 0 0 A A 2 3.67074722e+03 4.20000000e-02 2
0 3 0 0 0 0 14 9 0 0 0 A A 1 3.78428555e+03 4.71400000e-02 2
0 3 0 0 0 0 15 9 0 0 0 A A 2 3.90614192e+03 4.80000000e-02 2
0 3 0 0 0 0 12 12 0 0 0 A A 1 3.56101328e+03 5.21400000e-02 1
0 3 0 0 0 0 13 12 0 0 0 A A 2 3.66533495e+03 4.60000000e-02 2
0 3 0 0 0 0 14 12 0 0 0 A A 1 3.77787458e+03 5.16400000e-02 1
0 3 0 0 0 0 14 3 0 0 0 A A 2 3.79380978e+03 4.54600000e-02 1
0 3 0 0 0 0 16 9 0 0 0 A A 1 4.03633059e+03 5.11400000e-02 1
0 3 0 0 0 0 15 12 0 0 0 A A 2 3.89880244e+03 4.80000000e-02 1
0 3 0 0 0 0 17 12 0 0 0 A A 2 4.16585119e+03 5.80000000e-02 1
0 4 0 0 0 0 1 0 0 0 0 A A 2 3.90393420e+03 9.27300000e-02 1
0 4 0 0 0 0 4 3 0 0 0 A A 1 3.97562503e+03 3.97000000e-02 2
0 4 0 0 0 0 5 3 0 0 0 A A 2 4.01520149e+03 4.05000000e-02 2
0 4 0 0 0 0 2 0 0 0 0 A A 1 3.91975064e+03 3.85000000e-02 2
0 4 0 0 0 0 7 3 0 0 0 A A 2 4.11820536e+03 4.34500000e-02 1
0 4 0 0 0 0 4 3 0 0 0 A A 2 3.97562063e+03 4.05000000e-02 1
0 4 0 0 0 0 3 0 0 0 0 A A 2 3.94349723e+03 4.02300000e-02 1
0 4 0 0 0 0 5 3 0 0 0 A A 1 4.01520093e+03 4.05000000e-02 1
0 4 0 0 0 0 6 3 0 0 0 A A 2 4.06272986e+03 4.34500000e-02 1
0 4 0 0 0 0 7 3 0 0 0 A A 1 4.11823720e+03 4.15000000e-02 1
0 4 0 0 0 0 4 0 0 0 0 A A 1 3.97516876e+03 3.95000000e-02 2
0 4 0 0 0 0 6 6 0 0 0 A A 2 4.06400923e+03 4.44400000e-02 1
0 4 0 0 0 0 8 6 0 0 0 A A 2 4.18270544e+03 4.32300000e-02 1
0 4 0 0 0 0 9 6 0 0 0 A A 1 4.25412293e+03 4.25000000e-02 1
0 4 0 0 0 0 9 9 0 0 0 A A 1 4.25569364e+03 4.25000000e-02 1
0 4 0 0 0 0 5 0 0 0 0 A A 2 4.01478192e+03 4.02300000e-02 2
0 4 0 0 0 0 6 0 0 0 0 A A 1 4.06234443e+03 4.15000000e-02 1
0 4 0 0 0 0 7 0 0 0 0 A A 2 4.11786585e+03 4.22300000e-02 2
0 4 0 0 0 0 3 3 0 0 0 A A 2 3.94398273e+03 4.05000000e-02 1
0 4 0 0 0 0 6 3 0 0 0 A A 1 4.06273500e+03 4.15000000e-02 1
0 4 0 0 0 0 8 3 0 0 0 A A 1 4.18170525e+03 4.25000000e-02 1
0 4 0 0 0 0 6 6 0 0 0 A A 1 4.06400563e+03 4.15000000e-02 1
0 4 0 0 0 0 7 6 0 0 0 A A 2 4.11934844e+03 4.32300000e-02 1
0 1 0 0 0 0 9 9 0 0 0 A A 1 1.34928747e+03 1.08300000e-02 4
0 0 0 1 0 1 8 7 0 1 1 E E 2 1.43877892e+03 5.40000000e-02 4
0 1 0 0 0 0 6 3 0 0 0 A A 2 1.16875154e+03 5.30000000e-02 3
0 0 0 1 0 -1 14 14 0 1 1 E E 2 1.89211339e+03 6.80000000e-02 1
0 0 0 1 0 -1 16 11 0 1 1 E E 2 2.22918325e+03 3.05000000e-02 3
0 1 0 0 0 0 15 3 0 0 0 A A 2 2.01700435e+03 2.05000000e-02 6
0 0 0 0 0 0 17 9 0 0 0 A A 1 1.31042028e+03 2.80000000e-02 10
0 1 0 0 0 0 17 9 0 0 0 A A 2 2.27258498e+03 3.05000000e-02 7
0 1 0 0 0 0 15 6 0 0 0 A A 2 2.00710629e+03 2.05000000e-02 7
0 0 0 1 0 -1 14 11 0 1 1 E E 2 1.95179549e+03 6.20000000e-02 3
0 1 0 0 0 0 16 12 0 0 0 A A 2 2.10372115e+03 2.55000000e-02 7
0 0 0 1 0 -1 14 8 0 1 1 E E 2 1.99616702e+03 5.80000000e-02 3
0 1 0 0 0 0 14 12 0 0 0 A A 2 1.83910470e+03 1.55000000e-02 7
0 1 0 0 0 0 12 9 0 0 0 A A 2 1.63118051e+03 9.50000000e-03 7
0 1 0 0 0 0 12 12 0 0 0 A A 2 1.60894978e+03 9.50000000e-03 4
0 1 0 0 0 0 18 15 0 0 0 A A 2 2.37174487e+03 3.55000000e-02 7
0 0 0 1 0 -1 14 5 0 1 1 E E 2 2.02767739e+03 2.05000000e-02 3
0 1 0 0 0 0 16 15 0 0 0 A A 2 2.07387736e+03 2.55000000e-02 5
0 0 0 1 0 -1 12 8 0 1 1 E E 2 1.75464748e+03 5.60000000e-02 3
0 1 0 0 0 0 18 18 0 0 0 A A 2 2.33512469e+03 4.05000000e-02 2
0 0 0 1 0 -1 12 5 0 1 1 E E 2 1.78757084e+03 5.60000000e-02 3
0 0 0 1 0 -1 10 8 0 1 1 E E 2 1.54749049e+03 5.60000000e-02 2
0 0 0 0 0 0 18 0 0 0 0 A A 1 1.50789558e+03 3.30000000e-02 4
0 0 0 1 0 1 17 1 0 1 1 E E 2 2.51484058e+03 8.30000000e-02 1
0 0 0 0 0 0 17 3 0 0 0 A A 2 1.34599917e+03 3.36300000e-02 4
0 0 0 1 0 1 16 4 0 1 1 E E 1 2.35714317e+03 8.36300000e-02 1
0 0 0 0 0 0 17 3 0 0 0 A A 1 1.34618724e+03 2.80000000e-02 11
0 0 0 1 0 1 16 4 0 1 1 E E 2 2.35818024e+03 7.80000000e-02 1
0 0 0 1 0 -1 10 5 0 1 1 E E 2 1.58188872e+03 5.50000000e-02 3
0 0 0 1 0 1 15 1 0 1 1 E E 2 2.21789065e+03 7.80000000e-02 1
0 0 0 1 0 -1 8 8 0 1 1 E E 2 1.37502314e+03 5.50000000e-02 1
0 0 0 1 0 1 14 10 0 1 1 E E 2 2.04150426e+03 2.05000000e-02 4
0 0 0 1 0 -1 8 5 0 1 1 E E 2 1.41092779e+03 5.40000000e-02 3
0 0 0 1 0 1 12 10 0 1 1 E E 2 1.79699582e+03 5.60000000e-02 3
0 0 0 1 0 1 10 10 0 1 1 E E 2 1.58806870e+03 5.50000000e-02 3
0 0 0 1 0 -1 6 5 0 1 1 E E 2 1.27507873e+03 5.32000000e-02 2
0 0 0 1 0 -1 2 2 0 1 1 E E 2 1.13582104e+03 5.30000000e-02 1
0 1 0 0 0 0 16 0 0 0 0 A A 1 2.15733420e+03 2.16300000e-02 2
0 1 0 0 0 0 17 3 0 0 0 A A 1 2.29942024e+03 3.11300000e-02 4
0 1 0 0 0 0 17 6 0 0 0 A A 2 2.28939690e+03 3.05000000e-02 6
0 1 0 0 0 0 18 3 0 0 0 A A 1 2.45304317e+03 2.61300000e-02 4
0 1 0 0 0 0 18 3 0 0 0 A A 2 2.45336869e+03 3.81400000e-02 3
0 0 0 0 0 0 17 6 0 0 0 A A 1 1.33290269e+03 2.80000000e-02 6
0 1 0 0 0 0 18 6 0 0 0 A A 2 2.44319280e+03 3.55000000e-02 5
0 1 0 0 0 0 19 0 0 0 0 A A 2 2.61869747e+03 3.81400000e-02 5
0 0 0 0 0 0 18 6 0 0 0 A A 1 1.49046226e+03 3.30000000e-02 10
0 1 0 0 0 0 19 6 0 0 0 A A 2 2.60536879e+03 3.81400000e-02 3
0 1 0 0 0 0 18 9 0 0 0 A A 2 2.42635175e+03 3.55000000e-02 6
0 0 0 0 0 0 19 3 0 0 0 A A 2 1.66932151e+03 2.86300000e-02 6
0 1 0 0 0 0 20 3 0 0 0 A A 1 2.78560203e+03 3.61300000e-02 4
0 0 0 0 0 0 19 3 0 0 0 A A 1 1.66947068e+03 3.56400000e-02 8
0 1 0 0 0 0 20 3 0 0 0 A A 2 2.78614487e+03 4.31400000e-02 3
0 0 0 0 0 0 19 6 0 0 0 A A 1 1.65643737e+03 3.56400000e-02 10
0 1 0 0 0 0 20 6 0 0 0 A A 2 2.77588643e+03 3.81400000e-02 5
0 0 0 0 0 0 18 9 0 0 0 A A 1 1.46822199e+03 3.30000000e-02 6
0 1 0 0 0 0 19 9 0 0 0 A A 2 2.58853102e+03 3.31400000e-02 7
0 0 0 1 0 1 1 1 0 1 1 E E 1 1.13017739e+03 5.77300000e-02 1
0 0 0 1 0 1 2 1 0 1 1 E E 2 1.14804733e+03 5.10000000e-02 1
0 0 0 1 0 1 6 1 0 1 1 E E 2 1.30859880e+03 5.30000000e-02 3
0 0 0 1 0 -1 14 2 0 1 1 E E 2 2.04666657e+03 6.32300000e-02 1
0 0 0 1 0 1 7 1 0 1 1 E E 1 1.37098522e+03 5.84400000e-02 3
0 0 0 1 0 1 8 1 0 1 1 E E 2 1.44216154e+03 5.40000000e-02 3
0 1 0 0 0 0 20 15 0 0 0 A A 2 2.70391591e+03 3.81400000e-02 6
0 0 0 1 0 1 14 13 0 1 1 E E 2 2.00609553e+03 6.20000000e-02 2
0 0 0 1 0 1 16 16 0 1 1 E E 2 2.23823726e+03 3.05000000e-02 3
0 0 0 1 0 1 17 16 0 1 1 E E 2 2.39211560e+03 3.55000000e-02 3
0 0 0 1 0 1 16 13 0 1 1 E E 2 2.28642973e+03 6.80000000e-02 2
0 0 0 0 0 0 16 6 0 0 0 A A 2 1.18380769e+03 1.91300000e-02 7
0 0 0 1 0 -1 15 2 0 1 1 E E 1 2.17913465e+03 6.66400000e-02 1
0 0 0 1 0 1 13 1 0 1 1 E E 1 1.92976826e+03 6.14400000e-02 2
0 0 0 1 0 1 14 1 0 1 1 E E 2 2.05337425e+03 6.04600000e-02 1
0 0 0 1 0 1 15 1 0 1 1 E E 1 2.18564399e+03 7.01300000e-02 1
0 1 0 0 0 0 18 12 0 0 0 A A 2 2.40251744e+03 3.55000000e-02 4
0 0 0 0 0 0 19 9 0 0 0 A A 1 1.63444773e+03 3.56400000e-02 9
0 1 0 0 0 0 20 9 0 0 0 A A 2 2.75905049e+03 3.31400000e-02 6
0 0 0 1 0 1 17 1 0 1 1 E E 1 2.47562203e+03 8.36300000e-02 1
0 1 0 0 0 0 20 12 0 0 0 A A 2 2.73512412e+03 3.81400000e-02 4
0 0 0 1 0 1 17 7 0 1 1 E E 2 2.49715013e+03 7.30000000e-02 1
0 0 0 1 0 1 18 16 0 1 1 E E 2 2.55460545e+03 7.80000000e-02 1
0 0 0 1 0 1 18 13 0 1 1 E E 2 2.60138173e+03 3.81400000e-02 2
0 0 0 1 0 1 19 19 0 1 1 E E 2 2.66461209e+03 4.00000000e-02 2
0 0 0 1 0 1 19 16 0 1 1 E E 2 2.72563038e+03 8.30000000e-02 1
0 0 0 1 0 1 20 19 0 1 1 E E 2 2.84520166e+03 8.80000000e-02 1
0 0 1 0 1 0 13 13 1 0 1 E E 2 3.03880124e+03 1.80000000e-02 1
0 0 1 0 1 0 13 10 1 0 1 E E 2 3.07418503e+03 1.80000000e-02 1
1 0 0 0 0 0 13 0 0 0 0 A A 2 3.11728922e+03 1.10000000e-02 3
0 0 1 0 1 0 13 4 1 0 1 E E 2 3.11854445e+03 1.10000000e-02 4
1 0 0 0 0 0 13 12 0 0 0 A A 2 3.04536334e+03 1.80000000e-02 1
1 0 0 0 0 0 13 9 0 0 0 A A 2 3.07918893e+03 1.80000000e-02 1
0 0 1 0 1 0 13 7 1 0 1 E E 2 3.10333551e+03 1.80000000e-02 1
0 0 1 0 1 0 13 4 1 0 1 E E 1 3.11842595e+03 1.43700000e-02 5
0 0 1 0 1 0 12 10 1 0 1 E E 2 2.96038043e+03 1.56150000e-02 1
0 0 1 0 -1 0 13 2 1 0 1 E E 2 3.12582819e+03 1.10000000e-02 3
1 0 0 0 0 0 12 3 0 0 0 A A 2 2.99904138e+03 1.80750000e-02 1
1 0 0 0 0 0 12 6 0 0 0 A A 2 2.98552583e+03 1.54600000e-02 1
1 0 0 0 0 0 12 0 0 0 0 A A 1 3.00407760e+03 1.74720000e-02 2
0 0 1 0 -1 0 13 2 1 0 1 E E 1 3.12343545e+03 1.64400000e-02 3
0 0 1 0 1 0 13 1 1 0 1 E E 2 3.12434220e+03 8.23000000e-03 3
1 0 0 0 0 0 12 12 0 0 0 A A 2 2.93109312e+03 1.70000000e-02 1
1 0 0 0 0 0 12 9 0 0 0 A A 2 2.96496643e+03 1.30000000e-02 1
0 0 1 0 1 0 13 1 1 0 1 E E 1 3.12581108e+03 1.71300000e-02 3
0 0 1 0 1 0 12 4 1 0 1 E E 2 3.00447575e+03 8.23000000e-03 5
0 0 1 0 1 0 12 1 1 0 1 E E 1 3.01069086e+03 1.26700000e-02 5
1 0 0 0 0 0 11 0 0 0 0 A A 2 2.89970010e+03 1.00000000e-02 2
0 0 1 0 -1 0 12 2 1 0 1 E E 2 3.00988581e+03 8.23000000e-03 6
0 0 1 0 -1 0 12 2 1 0 1 E E 1 3.01178156e+03 1.26700000e-02 4
0 0 1 0 1 0 11 4 1 0 1 E E 2 2.89912981e+03 1.00000000e-02 3
0 0 1 0 1 0 11 4 1 0 1 E E 1 2.89919800e+03 1.26700000e-02 5
0 0 1 0 -1 0 11 1 1 0 1 E E 2 2.90646002e+03 1.10000000e-02 2
0 0 1 0 -1 0 11 2 1 0 1 E E 1 2.90493139e+03 1.26700000e-02 6
0 0 1 0 1 0 11 2 1 0 1 E E 2 2.90564758e+03 1.10000000e-02 3
0 0 1 0 -1 0 10 2 1 0 1 E E 2 2.80860421e+03 7.23000000e-03 5
1 0 0 0 0 0 9 0 0 0 0 A A 2 2.71621417e+03 6.23000000e-03 4
0 0 1 0 1 0 10 2 1 0 1 E E 1 2.80921783e+03 1.44400000e-02 3
0 0 1 0 1 0 9 1 1 0 1 E E 2 2.72205037e+03 6.23000000e-03 4
0 0 1 0 -1 0 9 2 1 0 1 E E 1 2.72093096e+03 1.16700000e-02 5
1 0 0 0 0 0 8 0 0 0 0 A A 1 2.63742303e+03 1.15600000e-02 4
0 0 1 0 1 0 8 1 1 0 1 E E 1 2.64298529e+03 1.15600000e-02 4
0 0 1 0 1 0 7 1 1 0 1 E E 2 2.57267544e+03 5.23000000e-03 3
1 0 0 0 0 0 6 0 0 0 0 A A 1 2.50586725e+03 1.06700000e-02 4
1 0 0 0 0 0 5 0 0 0 0 A A 2 2.45315337e+03 4.43000000e-03 3
0 0 1 0 -1 0 5 2 1 0 1 E E 2 2.45737523e+03 4.43000000e-03 6
1 0 0 0 0 0 4 0 0 0 0 A A 1 2.40918442e+03 1.07300000e-02 3
1 0 0 0 0 0 3 0 0 0 0 A A 2 2.37397799e+03 3.23000000e-03 4
1 0 0 0 0 0 0 0 0 0 0 A A 1 2.32111839e+03 1.27300000e-02 1
1 0 0 0 0 0 7 3 0 0 0 A A 1 2.56284199e+03 1.07600000e-02 3
1 0 0 0 0 0 11 9 0 0 0 A A 2 2.85951866e+03 8.23000000e-03 3
0 0 1 0 1 0 12 4 1 0 1 E E 1 3.00472265e+03 1.64400000e-02 1
0 0 1 0 1 0 12 1 1 0 1 E E 2 3.01199683e+03 1.10000000e-02 1
0 0 1 0 1 0 9 1 1 0 1 E E 1 2.72247488e+03 2.03420000e-02 1
0 0 1 0 1 0 7 1 1 0 1 E E 1 2.57298383e+03 1.15600000e-02 2
0 0 1 0 1 0 1 1 1 0 1 E E 1 2.33504431e+03 9.96000000e-03 2
0 0 1 0 -1 0 11 8 1 0 1 E E 2 2.87715742e+03 8.23000000e-03 3
0 0 1 0 -1 0 12 11 1 0 1 E E 2 2.95603506e+03 1.60000000e-02 1
1 0 0 0 0 0 10 0 0 0 0 A A 1 2.80364723e+03 1.26700000e-02 2
1 0 0 0 0 0 13 3 0 0 0 A A 2 3.11235656e+03 1.10000000e-02 1
0 0 1 0 -1 0 11 8 1 0 1 E E 1 2.87715767e+03 1.43700000e-02 3
0 1 0 1 0 -1 14 14 0 1 1 E E 2 2.88128575e+03 2.02300000e-02 1
0 2 0 0 0 0 12 12 0 0 0 A A 1 2.59100398e+03 1.49600000e-02 1
0 0 0 2 0 0 10 9 0 0 0 A A 2 2.67723095e+03 8.23000000e-03 2
0 0 0 2 0 0 10 9 0 0 0 A A 1 2.67723103e+03 1.49600000e-02 2
0 0 0 2 0 -2 4 1 0 2 2 E E 2 2.32064907e+03 4.23000000e-03 1
0 0 0 2 0 0 7 6 0 0 0 A A 2 2.46181325e+03 5.43000000e-03 3
0 0 0 2 0 0 7 6 0 0 0 A A 1 2.46181351e+03 9.67000000e-03 3
0 0 0 2 0 0 7 3 0 0 0 A A 2 2.47639332e+03 5.23000000e-03 3
0 0 0 2 0 0 7 3 0 0 0 A A 1 2.47661836e+03 1.06700000e-02 2
0 0 0 2 0 0 8 3 0 0 0 A A 1 2.54843586e+03 1.15600000e-02 3
1 0 0 0 0 0 8 3 0 0 0 A A 1 2.63316240e+03 1.15600000e-02 2
0 0 1 0 -1 0 11 11 1 0 1 E E 1 2.84977060e+03 1.49600000e-02 1
0 0 1 0 -1 0 11 11 1 0 1 E E 2 2.84977015e+03 1.32300000e-02 1
0 0 0 2 0 -2 5 1 0 2 2 E E 1 2.36782733e+03 1.05600000e-02 1
0 0 0 2 0 0 9 3 0 0 0 A A 1 2.62974634e+03 1.16700000e-02 2
0 0 0 2 0 0 10 3 0 0 0 A A 2 2.71963285e+03 7.23000000e-03 2
0 0 0 2 0 0 1 0 0 0 0 A A 2 2.23614598e+03 2.23000000e-03 1
0 0 1 0 -1 0 10 8 1 0 1 E E 2 2.78041577e+03 8.23000000e-03 2
0 0 1 0 -1 0 10 8 1 0 1 E E 1 2.78041585e+03 1.49600000e-02 2
0 0 0 2 0 0 11 9 0 0 0 A A 1 2.78067350e+03 1.43700000e-02 3
0 0 0 2 0 0 11 9 0 0 0 A A 2 2.78067342e+03 8.23000000e-03 3
0 0 0 2 0 -2 6 1 0 2 2 E E 2 2.42448240e+03 5.23000000e-03 1
0 1 0 1 0 -1 11 5 0 1 1 E E 2 2.65222611e+03 8.23000000e-03 1
1 0 0 0 0 0 8 6 0 0 0 A A 1 2.61959514e+03 1.08600000e-02 2
0 1 0 1 0 -1 11 5 0 1 1 E E 1 2.65222566e+03 1.28600000e-02 1
0 0 0 2 0 -2 7 1 0 2 2 E E 1 2.49042825e+03 1.15600000e-02 1
0 0 0 2 0 0 12 9 0 0 0 A A 1 2.89275148e+03 1.43700000e-02 1
0 0 0 2 0 0 12 9 0 0 0 A A 2 2.89275142e+03 9.23000000e-03 1
0 1 0 1 0 1 14 7 0 1 1 E E 1 3.02638926e+03 2.08600000e-02 1
0 0 0 2 0 -2 8 1 0 2 2 E E 2 2.56547569e+03 6.23000000e-03 1
0 1 0 1 0 1 14 7 0 1 1 E E 2 3.02651807e+03 2.02300000e-02 1
0 0 0 2 0 0 10 6 0 0 0 A A 2 2.71610484e+03 7.23000000e-03 2
0 0 1 0 -1 0 9 8 1 0 1 E E 1 2.69242699e+03 1.49600000e-02 1
0 1 0 1 0 -1 14 5 0 1 1 E E 1 2.98981695e+03 2.08600000e-02 1
1 0 0 0 0 0 7 6 0 0 0 A A 1 2.54902957e+03 9.76000000e-03 2
1 0 0 0 0 0 7 6 0 0 0 A A 2 2.54902923e+03 6.23000000e-03 2
0 0 0 2 0 -2 5 4 0 2 2 E E 2 2.33365852e+03 4.43000000e-03 1
0 0 0 2 0 -2 5 4 0 2 2 E E 1 2.33365838e+03 1.05600000e-02 1
0 0 0 2 0 -2 9 1 0 2 2 E E 1 2.64946604e+03 1.16700000e-02 1
0 1 0 1 0 -1 11 2 0 1 1 E E 1 2.67083579e+03 1.26700000e-02 2
0 0 1 0 1 0 7 4 1 0 1 E E 1 2.56508007e+03 1.07600000e-02 2
0 0 1 0 1 0 7 4 1 0 1 E E 2 2.56507983e+03 5.23000000e-03 2
0 0 1 0 -1 0 8 5 1 0 1 E E 1 2.63178359e+03 1.08600000e-02 2
0 0 1 0 -1 0 8 5 1 0 1 E E 2 2.63178330e+03 6.23000000e-03 2
0 0 0 2 0 -2 8 7 0 2 2 E E 2 2.48189100e+03 6.23000000e-03 1
0 0 0 2 0 -2 8 7 0 2 2 E E 1 2.48189130e+03 9.76000000e-03 1
0 1 0 1 0 -1 11 2 0 1 1 E E 2 2.67114590e+03 8.23000000e-03 2
0 0 0 2 0 2 4 2 0 2 2 E E 2 2.33884747e+03 4.43000000e-03 2
0 0 0 2 0 2 4 2 0 2 2 E E 1 2.33948080e+03 1.05600000e-02 2
0 0 1 0 -1 0 8 8 1 0 1 E E 2 2.61317382e+03 7.23000000e-03 1
0 0 1 0 -1 0 8 8 1 0 1 E E 1 2.61317384e+03 1.29600000e-02 1
1 0 0 0 0 0 6 3 0 0 0 A A 1 2.50128025e+03 1.05600000e-02 2
1 0 0 0 0 0 6 6 0 0 0 A A 2 2.48723259e+03 5.43000000e-03 2
1 0 0 0 0 0 6 6 0 0 0 A A 1 2.48723280e+03 9.67000000e-03 2
0 0 0 2 0 2 5 2 0 2 2 E E 2 2.38659215e+03 5.23000000e-03 2
0 0 0 2 0 2 6 2 0 2 2 E E 2 2.44073058e+03 5.23000000e-03 2
0 0 1 0 1 0 6 4 1 0 1 E E 1 2.50340681e+03 1.05600000e-02 2
0 0 0 2 0 -2 6 4 0 2 2 E E 1 2.38853145e+03 1.05600000e-02 3
0 0 0 2 0 -2 6 4 0 2 2 E E 2 2.38853171e+03 5.23000000e-03 3
0 0 1 0 -1 0 7 5 1 0 1 E E 1 2.56156995e+03 9.67000000e-03 3
0 0 0 2 0 2 7 2 0 2 2 E E 1 2.50536772e+03 1.06700000e-02 2
0 1 0 1 0 -1 10 8 0 1 1 E E 2 2.52878352e+03 8.23000000e-03 1
0 0 0 2 0 2 6 2 0 2 2 E E 1 2.44325988e+03 1.06700000e-02 2
0 0 0 2 0 2 8 2 0 2 2 E E 2 2.57906068e+03 6.23000000e-03 2
0 1 0 1 0 -1 10 8 0 1 1 E E 1 2.52878335e+03 1.49600000e-02 1
0 0 0 2 0 0 4 3 0 0 0 A A 2 2.31270830e+03 4.43000000e-03 3
0 0 0 2 0 2 7 2 0 2 2 E E 2 2.50937759e+03 6.23000000e-03 1
0 1 0 1 0 -1 14 5 0 1 1 E E 2 2.98981706e+03 2.02300000e-02 1
0 0 0 2 0 2 9 2 0 2 2 E E 1 2.66176086e+03 1.16700000e-02 1
0 0 1 0 1 0 5 4 1 0 1 E E 1 2.45051348e+03 1.05600000e-02 3
0 0 0 2 0 2 10 2 0 2 2 E E 2 2.75346511e+03 7.23000000e-03 2
0 0 1 0 -1 0 6 5 1 0 1 E E 1 2.50004487e+03 9.67000000e-03 2
0 0 0 2 0 0 5 3 0 0 0 A A 2 2.35854248e+03 4.43000000e-03 3
0 0 0 2 0 0 5 0 0 0 0 A A 2 2.36575524e+03 4.23000000e-03 2
0 0 1 0 1 0 4 4 1 0 1 E E 1 2.40641373e+03 9.56000000e-03 2
0 0 0 2 0 2 6 5 0 2 2 E E 2 2.44606628e+03 5.43000000e-03 2
0 0 0 2 0 2 6 5 0 2 2 E E 1 2.44608180e+03 9.67000000e-03 2
0 0 0 2 0 -2 5 1 0 2 2 E E 2 2.36780651e+03 4.23000000e-03 2
0 0 1 0 -1 0 5 5 1 0 1 E E 1 2.44723880e+03 9.67000000e-03 1
0 0 1 0 -1 0 5 5 1 0 1 E E 2 2.44723869e+03 5.43000000e-03 1
0 0 0 2 0 -2 8 4 0 2 2 E E 1 2.52459967e+03 1.06700000e-02 3
0 0 0 2 0 -2 8 4 0 2 2 E E 2 2.52460046e+03 6.23000000e-03 3
0 0 0 2 0 0 6 3 0 0 0 A A 1 2.41310409e+03 1.05600000e-02 2
0 0 0 2 0 0 6 3 0 0 0 A A 2 2.41323463e+03 5.23000000e-03 3
1 0 0 0 0 0 3 3 0 0 0 A A 1 2.36928597e+03 1.05600000e-02 1
1 0 0 0 0 0 3 3 0 0 0 A A 2 2.36928611e+03 4.43000000e-03 1
0 1 0 1 0 -1 10 5 0 1 1 E E 1 2.55676431e+03 1.18600000e-02 1
0 0 0 2 0 2 8 5 0 2 2 E E 2 2.58621546e+03 6.23000000e-03 2
0 0 0 2 0 2 8 5 0 2 2 E E 1 2.58660710e+03 1.08600000e-02 2
0 1 0 1 0 -1 10 5 0 1 1 E E 2 2.55676456e+03 8.23000000e-03 1
0 0 0 2 0 0 6 0 0 0 0 A A 1 2.42049396e+03 1.05600000e-02 2
0 0 0 2 0 -2 9 4 0 2 2 E E 2 2.60585449e+03 6.23000000e-03 1
0 0 0 2 0 -2 9 4 0 2 2 E E 1 2.60585502e+03 1.16700000e-02 1
0 0 0 2 0 -2 6 1 0 2 2 E E 1 2.42444484e+03 1.05600000e-02 3
0 0 0 2 0 0 7 0 0 0 0 A A 2 2.48393535e+03 5.23000000e-03 2
0 0 0 2 0 2 11 5 0 2 2 E E 1 2.86689820e+03 1.18600000e-02 2
0 1 0 1 0 1 13 7 0 1 1 E E 2 2.90421868e+03 1.26900000e-02 2
0 0 0 2 0 2 5 2 0 2 2 E E 1 2.38520457e+03 1.05600000e-02 2
0 1 0 1 0 1 13 7 0 1 1 E E 1 2.90430973e+03 1.43700000e-02 2
0 0 0 2 0 -2 7 1 0 2 2 E E 2 2.49042016e+03 5.23000000e-03 1
1 0 0 0 0 0 11 9 0 0 0 A A 1 2.85951872e+03 1.43700000e-02 2
0 0 0 2 0 0 9 0 0 0 0 A A 2 2.63689748e+03 6.23000000e-03 2
1 0 0 0 0 0 9 9 0 0 0 A A 1 2.67466002e+03 1.29600000e-02 1
1 0 0 0 0 0 9 9 0 0 0 A A 2 2.67466000e+03 7.23000000e-03 1
1 0 0 0 0 0 9 6 0 0 0 A A 1 2.69891031e+03 1.08600000e-02 3
0 0 1 0 1 0 10 4 1 0 1 E E 1 2.80257953e+03 1.26700000e-02 2
0 0 1 0 1 0 10 4 1 0 1 E E 2 2.80259826e+03 7.23000000e-03 3
0 1 0 1 0 -1 10 2 0 1 1 E E 2 2.57580235e+03 7.23000000e-03 2
1 0 0 0 0 0 4 3 0 0 0 A A 1 2.40449512e+03 9.56000000e-03 2
0 0 0 2 0 0 9 6 0 0 0 A A 2 2.62255514e+03 6.23000000e-03 1
0 1 0 1 0 -1 10 2 0 1 1 E E 1 2.57604141e+03 1.26700000e-02 2
0 0 1 0 1 0 10 1 1 0 1 E E 1 2.80921746e+03 1.16700000e-02 3
0 1 0 1 0 1 12 4 0 1 1 E E 2 2.79755861e+03 1.26900000e-02 1
0 1 0 1 0 -1 9 8 0 1 1 E E 1 2.44175415e+03 1.49600000e-02 1
0 1 0 1 0 -1 9 8 0 1 1 E E 2 2.44175381e+03 8.23000000e-03 1
0 0 1 0 -1 0 10 5 1 0 1 E E 2 2.79817280e+03 7.23000000e-03 1
0 1 0 1 0 -1 13 11 0 1 1 E E 1 2.80535712e+03 1.93700000e-02 1
0 0 1 0 -1 0 12 8 1 0 1 E E 2 2.98280091e+03 9.23000000e-03 2
0 0 0 2 0 0 10 6 0 0 0 A A 1 2.71603692e+03 1.08600000e-02 1
1 0 0 0 0 0 5 3 0 0 0 A A 1 2.44849539e+03 1.05600000e-02 1
0 1 0 1 0 -1 13 11 0 1 1 E E 2 2.80535717e+03 1.52300000e-02 1
0 1 0 1 0 -1 9 5 0 1 1 E E 2 2.46989993e+03 7.23000000e-03 2
0 0 1 0 1 0 7 7 1 0 1 E E 1 2.54759766e+03 9.67000000e-03 1
0 0 1 0 1 0 7 7 1 0 1 E E 2 2.54759755e+03 5.43000000e-03 1
0 1 0 1 0 -1 9 5 0 1 1 E E 1 2.46989875e+03 1.16700000e-02 2
0 0 1 0 1 0 8 7 1 0 1 E E 2 2.61782335e+03 6.23000000e-03 1
0 0 1 0 1 0 8 7 1 0 1 E E 1 2.61782366e+03 9.76000000e-03 1
0 0 1 0 1 0 9 7 1 0 1 E E 1 2.69675635e+03 1.08600000e-02 1
0 0 1 0 1 0 9 7 1 0 1 E E 2 2.69675598e+03 6.23000000e-03 1
0 1 0 1 0 1 12 7 0 1 1 E E 1 2.79085847e+03 1.28600000e-02 2
0 1 0 1 0 1 12 7 0 1 1 E E 2 2.79091820e+03 8.23000000e-03 2
1 0 0 0 0 0 10 3 0 0 0 A A 1 2.79999295e+03 1.16700000e-02 1
0 1 0 1 0 1 11 4 0 1 1 E E 1 2.69222310e+03 1.36700000e-02 1
0 1 0 1 0 -1 9 2 0 1 1 E E 1 2.48930357e+03 1.16700000e-02 2
0 1 0 1 0 -1 9 2 0 1 1 E E 2 2.48947864e+03 7.23000000e-03 2
0 2 0 0 0 0 5 0 0 0 0 A A 2 2.09691710e+03 4.23000000e-03 1
0 1 0 1 0 -1 13 8 0 1 1 E E 1 2.84161386e+03 1.73600000e-02 1
0 1 0 1 0 1 10 7 0 1 1 E E 1 2.59063827e+03 1.18600000e-02 3
0 2 0 0 0 0 5 3 0 0 0 A A 2 2.09525201e+03 4.43000000e-03 2
0 1 0 1 0 -1 14 14 0 1 1 E E 1 2.88128538e+03 2.33700000e-02 1
0 1 0 1 0 -1 13 8 0 1 1 E E 2 2.84161405e+03 1.52300000e-02 1
0 1 0 1 0 1 11 7 0 1 1 E E 2 2.68632951e+03 8.23000000e-03 2
0 1 0 1 0 1 11 7 0 1 1 E E 1 2.68636387e+03 1.28600000e-02 1
0 1 0 1 0 1 12 10 0 1 1 E E 2 2.77852621e+03 1.02300000e-02 1
0 1 0 1 0 1 12 10 0 1 1 E E 1 2.77852619e+03 1.43700000e-02 1
0 2 0 0 0 0 8 3 0 0 0 A A 1 2.26963218e+03 1.06700000e-02 2
0 1 0 1 0 1 10 4 0 1 1 E E 2 2.59574910e+03 8.23000000e-03 1
0 2 0 0 0 0 6 3 0 0 0 A A 2 2.14502249e+03 5.23000000e-03 1
0 1 0 1 0 -1 8 2 0 1 1 E E 2 2.41136644e+03 6.23000000e-03 2
0 1 0 1 0 -1 8 2 0 1 1 E E 1 2.41148476e+03 1.16700000e-02 2
0 2 0 0 0 0 8 3 0 0 0 A A 2 2.26964961e+03 6.23000000e-03 2
0 2 0 0 0 0 7 3 0 0 0 A A 2 2.20314311e+03 5.23000000e-03 2
0 2 0 0 0 0 7 3 0 0 0 A A 1 2.20314768e+03 1.24400000e-02 2
0 1 0 1 0 1 10 7 0 1 1 E E 2 2.59065576e+03 7.23000000e-03 2
0 1 0 1 0 1 9 4 0 1 1 E E 1 2.50816201e+03 1.16700000e-02 2
0 1 0 1 0 1 9 4 0 1 1 E E 2 2.50844256e+03 7.23000000e-03 2
0 1 0 1 0 1 11 10 0 1 1 E E 1 2.67459833e+03 1.43700000e-02 1
0 1 0 1 0 1 11 10 0 1 1 E E 2 2.67459827e+03 9.23000000e-03 1
0 1 0 1 0 -1 7 2 0 1 1 E E 1 2.34201750e+03 1.06700000e-02 2
0 1 0 1 0 -1 7 2 0 1 1 E E 2 2.34209230e+03 6.23000000e-03 2
0 1 0 1 0 1 8 1 0 1 1 E E 1 2.42779758e+03 1.16700000e-02 1
0 1 0 1 0 1 8 4 0 1 1 E E 1 2.42957869e+03 1.16700000e-02 3
0 2 0 0 0 0 11 0 0 0 0 A A 2 2.52154657e+03 7.23000000e-03 1
0 1 0 1 0 1 8 4 0 1 1 E E 2 2.42947080e+03 7.23000000e-03 1
0 2 0 0 0 0 12 0 0 0 0 A A 1 2.62172725e+03 1.26700000e-02 1
0 1 0 1 0 -1 6 2 0 1 1 E E 2 2.28128726e+03 5.23000000e-03 2
0 1 0 1 0 -1 6 2 0 1 1 E E 1 2.28132947e+03 1.06700000e-02 2
0 1 0 1 0 1 7 1 0 1 1 E E 2 2.35747293e+03 6.23000000e-03 1
0 1 0 1 0 -1 14 11 0 1 1 E E 2 2.92704043e+03 2.02300000e-02 1
0 1 0 1 0 -1 13 5 0 1 1 E E 2 2.86878977e+03 1.26900000e-02 2
0 2 0 0 0 0 10 6 0 0 0 A A 1 2.42204908e+03 1.08600000e-02 1
0 2 0 0 0 0 10 6 0 0 0 A A 2 2.42204887e+03 7.23000000e-03 1
0 1 0 1 0 -1 5 5 0 1 1 E E 1 2.20902858e+03 9.67000000e-03 1
0 1 0 1 0 -1 5 5 0 1 1 E E 2 2.20902847e+03 5.43000000e-03 1
0 1 0 1 0 -1 13 5 0 1 1 E E 1 2.86878969e+03 1.43700000e-02 2
0 2 0 0 0 0 11 6 0 0 0 A A 2 2.51353712e+03 7.23000000e-03 1
0 2 0 0 0 0 11 6 0 0 0 A A 1 2.51353687e+03 1.18600000e-02 1
0 1 0 1 0 1 7 4 0 1 1 E E 1 2.35966455e+03 1.06700000e-02 2
0 1 0 1 0 1 7 4 0 1 1 E E 2 2.35969856e+03 6.23000000e-03 1
0 1 0 1 0 1 8 7 0 1 1 E E 1 2.42574380e+03 1.08600000e-02 2
0 1 0 1 0 1 8 7 0 1 1 E E 2 2.42574351e+03 6.23000000e-03 2
0 2 0 0 0 0 12 6 0 0 0 A A 1 2.61345179e+03 1.18600000e-02 1
0 2 0 0 0 0 12 6 0 0 0 A A 2 2.61345204e+03 8.23000000e-03 1
0 1 0 1 0 1 6 1 0 1 1 E E 1 2.29591828e+03 1.15600000e-02 1
0 1 0 1 0 -1 5 2 0 1 1 E E 1 2.22920111e+03 1.05600000e-02 2
0 1 0 1 0 -1 5 2 0 1 1 E E 2 2.22922220e+03 5.23000000e-03 2
0 2 0 0 0 0 9 6 0 0 0 A A 2 2.33897570e+03 7.23000000e-03 1
0 1 0 1 0 1 6 4 0 1 1 E E 2 2.29871784e+03 5.23000000e-03 3
0 1 0 1 0 1 7 7 0 1 1 E E 2 2.35649292e+03 5.43000000e-03 3
0 1 0 1 0 1 7 7 0 1 1 E E 1 2.35649318e+03 9.67000000e-03 3
0 2 0 0 0 0 10 9 0 0 0 A A 2 2.41302728e+03 7.23000000e-03 1
0 2 0 0 0 0 10 9 0 0 0 A A 1 2.41302730e+03 1.29600000e-02 1
0 1 0 1 0 -1 4 2 0 1 1 E E 2 2.18578077e+03 5.23000000e-03 1
0 1 0 1 0 -1 4 2 0 1 1 E E 1 2.18579000e+03 1.05600000e-02 1
0 2 0 0 0 0 12 9 0 0 0 A A 2 2.60357306e+03 8.23000000e-03 1
0 2 0 0 0 0 12 9 0 0 0 A A 1 2.60357289e+03 1.49600000e-02 1
0 1 0 1 0 1 5 4 0 1 1 E E 1 2.24658468e+03 1.05600000e-02 2
0 1 0 1 0 1 5 4 0 1 1 E E 2 2.24658476e+03 5.23000000e-03 2
0 1 0 1 0 1 4 1 0 1 1 E E 1 2.19923920e+03 1.05600000e-02 1
0 1 0 1 0 1 4 4 0 1 1 E E 2 2.20321874e+03 5.23000000e-03 2
0 1 0 1 0 1 4 4 0 1 1 E E 1 2.20321858e+03 9.56000000e-03 2
0 1 0 1 0 -1 14 11 0 1 1 E E 1 2.92704014e+03 1.88700000e-02 1
0 1 0 1 0 1 3 1 0 1 1 E E 2 2.16411994e+03 3.23000000e-03 2
0 1 0 1 0 -1 8 5 0 1 1 E E 1 2.39166666e+03 1.16700000e-02 1
0 1 0 1 0 -1 8 5 0 1 1 E E 2 2.39166613e+03 6.23000000e-03 1
0 2 0 0 0 0 13 12 0 0 0 A A 1 2.69820459e+03 1.49600000e-02 1
0 2 0 0 0 0 13 12 0 0 0 A A 2 2.69820414e+03 1.32300000e-02 1
0 1 0 1 0 1 2 1 0 1 1 E E 1 2.13779976e+03 9.96000000e-03 2
0 1 0 1 0 -1 13 2 0 1 1 E E 1 2.88641929e+03 1.43700000e-02 2
0 1 0 1 0 -1 12 2 0 1 1 E E 1 2.77476209e+03 1.36700000e-02 2
0 1 0 1 0 1 12 1 0 1 1 E E 2 2.78163958e+03 8.23000000e-03 1
0 1 0 1 0 1 11 1 0 1 1 E E 1 2.67853496e+03 1.26700000e-02 1
0 1 0 1 0 1 1 1 0 1 1 E E 2 2.12026511e+03 2.23000000e-03 2
0 1 0 1 0 1 10 1 0 1 1 E E 2 2.58399660e+03 7.23000000e-03 1
0 1 0 1 0 1 9 1 0 1 1 E E 1 2.49804095e+03 1.16700000e-02 1
0 1 0 1 0 1 8 1 0 1 1 E E 2 2.42068105e+03 6.23000000e-03 1
0 1 0 1 0 -1 3 2 0 1 1 E E 1 2.15104126e+03 9.56000000e-03 1
0 1 0 1 0 -1 3 2 0 1 1 E E 2 2.15104146e+03 5.23000000e-03 1
0 2 0 0 0 0 8 6 0 0 0 A A 1 2.26430503e+03 1.08600000e-02 1
0 1 0 1 0 1 7 1 0 1 1 E E 1 2.35192466e+03 1.15600000e-02 1
0 1 0 1 0 1 6 1 0 1 1 E E 2 2.29177741e+03 5.23000000e-03 1
0 2 0 0 0 0 0 0 0 0 0 A A 1 1.97256996e+03 9.96000000e-03 1
0 1 0 1 0 1 5 1 0 1 1 E E 1 2.24023875e+03 1.05600000e-02 1
0 1 0 1 0 1 4 1 0 1 1 E E 2 2.19730578e+03 4.23000000e-03 1
0 0 0 2 0 0 12 12 0 0 0 A A 2 2.83915204e+03 1.42300000e-02 1
0 0 0 2 0 0 12 12 0 0 0 A A 1 2.83915200e+03 1.93700000e-02 1
0 1 0 1 0 1 3 1 0 1 1 E E 1 2.16297287e+03 9.96000000e-03 1
0 1 0 1 0 -1 12 8 0 1 1 E E 2 2.72875498e+03 1.02300000e-02 1
0 1 0 1 0 1 2 1 0 1 1 E E 2 2.13723214e+03 3.23000000e-03 1
0 1 0 1 0 1 1 1 0 1 1 E E 1 2.12007637e+03 9.96000000e-03 1
0 1 0 1 0 -1 12 8 0 1 1 E E 1 2.72875497e+03 1.43700000e-02 1
0 1 0 1 0 1 6 4 0 1 1 E E 1 2.29872262e+03 1.05600000e-02 2
0 1 0 1 0 -1 14 8 0 1 1 E E 2 2.96299795e+03 2.02300000e-02 1
0 0 0 2 0 0 10 3 0 0 0 A A 1 2.71904319e+03 1.26700000e-02 1
0 1 0 1 0 -1 12 5 0 1 1 E E 1 2.75624652e+03 1.43700000e-02 1
0 0 0 2 0 0 10 0 0 0 0 A A 1 2.72642554e+03 1.26700000e-02 1
0 1 0 1 0 -1 12 5 0 1 1 E E 2 2.75624665e+03 1.26900000e-02 1
0 0 0 2 0 0 9 3 0 0 0 A A 2 2.62926372e+03 7.23000000e-03 1
0 1 0 1 0 -1 14 8 0 1 1 E E 1 2.96299773e+03 1.83700000e-02 1
0 0 0 2 0 0 8 3 0 0 0 A A 2 2.54878070e+03 7.23000000e-03 1
0 0 0 2 0 0 8 0 0 0 0 A A 1 2.55606877e+03 1.16700000e-02 1
0 0 0 2 0 0 6 6 0 0 0 A A 1 2.39502587e+03 9.67000000e-03 2
0 0 0 2 0 0 6 6 0 0 0 A A 2 2.39502567e+03 5.43000000e-03 2
0 0 0 2 0 -2 8 1 0 2 2 E E 1 2.56552937e+03 1.16700000e-02 2
0 2 0 0 0 0 3 3 0 0 0 A A 2 2.02069060e+03 5.23000000e-03 1
0 0 0 2 0 0 5 3 0 0 0 A A 1 2.35860303e+03 1.05600000e-02 2
0 0 0 2 0 0 4 3 0 0 0 A A 1 2.31268895e+03 1.05600000e-02 2
0 0 0 2 0 0 4 0 0 0 0 A A 1 2.31975500e+03 1.05600000e-02 1
0 0 0 2 0 -2 4 1 0 2 2 E E 1 2.32071819e+03 1.05600000e-02 1
0 0 0 2 0 -2 3 1 0 2 2 E E 2 2.28325397e+03 4.23000000e-03 1
0 1 0 1 0 -1 11 11 0 1 1 E E 1 2.58769992e+03 1.49600000e-02 1
0 0 0 2 0 2 10 5 0 2 2 E E 2 2.76402654e+03 8.23000000e-03 1
0 1 0 1 0 -1 11 11 0 1 1 E E 2 2.58769947e+03 1.32300000e-02 1
0 0 0 2 0 2 9 5 0 2 2 E E 1 2.67043011e+03 1.18600000e-02 1
0 0 0 2 0 2 11 8 0 2 2 E E 2 2.85379391e+03 9.23000000e-03 1
0 2 0 0 0 0 6 6 0 0 0 A A 2 2.14008426e+03 5.43000000e-03 1
0 0 0 2 0 2 12 11 0 2 2 E E 2 2.93860790e+03 1.42300000e-02 1
0 0 0 2 0 2 12 11 0 2 2 E E 1 2.93860786e+03 1.93700000e-02 1
0 0 0 2 0 -2 7 4 0 2 2 E E 2 2.45215537e+03 6.23000000e-03 1
0 0 0 2 0 -2 7 4 0 2 2 E E 1 2.45215477e+03 1.06700000e-02 1
0 0 0 2 0 2 10 8 0 2 2 E E 2 2.75173271e+03 8.23000000e-03 1
0 0 0 2 0 2 10 8 0 2 2 E E 1 2.75180405e+03 1.49600000e-02 1
0 0 0 2 0 -2 1 1 0 2 2 E E 2 2.23645289e+03 3.23000000e-03 1
0 0 0 2 0 2 7 5 0 2 2 E E 1 2.51142749e+03 1.08600000e-02 1
0 0 0 2 0 2 7 5 0 2 2 E E 2 2.51152337e+03 6.23000000e-03 1
0 1 0 1 0 -1 12 2 0 1 1 E E 2 2.77438243e+03 1.26900000e-02 1
0 0 0 2 0 2 9 8 0 2 2 E E 1 2.65893216e+03 1.49600000e-02 1
0 0 0 2 0 2 9 8 0 2 2 E E 2 2.65894043e+03 8.23000000e-03 1
0 2 0 0 0 0 9 9 0 0 0 A A 1 2.33038432e+03 1.29600000e-02 1
0 0 0 2 0 2 3 2 0 2 2 E E 2 2.30192614e+03 4.43000000e-03 1
0 2 0 0 0 0 9 9 0 0 0 A A 2 2.33038430e+03 7.23000000e-03 1
0 0 0 2 0 0 0 0 0 0 0 A A 1 2.22683310e+03 9.96000000e-03 1
0 0 0 2 0 2 2 2 0 2 2 E E 2 2.27381959e+03 5.23000000e-03 1
0 0 0 2 0 0 9 9 0 0 0 A A 1 2.58256549e+03 1.29600000e-02 1
0 0 0 2 0 0 9 9 0 0 0 A A 2 2.58256547e+03 7.23000000e-03 1
0 1 0 1 0 -1 11 8 0 1 1 E E 1 2.62446391e+03 1.43700000e-02 1
0 0 0 2 0 -2 1 1 0 2 2 E E 1 2.23637964e+03 9.96000000e-03 1
0 1 0 1 0 -1 11 8 0 1 1 E E 2 2.62446385e+03 9.23000000e-03 1
0 0 0 2 0 -2 2 1 0 2 2 E E 2 2.25500155e+03 3.23000000e-03 1
1 0 0 0 0 0 9 3 0 0 0 A A 2 2.71222362e+03 7.23000000e-03 1
1 0 0 0 0 0 9 3 0 0 0 A A 1 2.71222640e+03 1.26700000e-02 1
0 0 0 2 0 -2 3 1 0 2 2 E E 1 2.28305261e+03 9.96000000e-03 1
0 2 0 0 0 0 12 12 0 0 0 A A 2 2.59100353e+03 1.32300000e-02 1
0 0 0 2 0 0 13 12 0 0 0 A A 1 2.96186929e+03 1.93700000e-02 1
0 0 0 2 0 0 13 12 0 0 0 A A 2 2.96186933e+03 1.42300000e-02 1
1 0 0 1 0 1 8 4 0 1 1 E E 2 3.72985494e+03 4.50000000e-03 4
1 0 0 1 0 1 12 11 0 1 1 E E 1 4.01250369e+03 1.15000000e-02 2
1 0 0 1 0 1 10 10 0 1 1 E E 2 3.82979450e+03 5.50000000e-03 3
1 0 0 1 0 1 11 11 0 1 1 E E 1 3.90433206e+03 1.15000000e-02 1
1 0 0 1 0 1 10 7 0 1 1 E E 1 3.87099838e+03 5.50000000e-03 3
1 0 0 1 0 1 10 8 0 1 1 E E 1 3.85329034e+03 6.50000000e-03 2
1 0 0 1 0 1 9 7 0 1 1 E E 1 3.78135402e+03 9.13000000e-03 3
1 0 0 1 0 1 9 8 0 1 1 E E 1 3.76343490e+03 5.50000000e-03 2
1 0 0 1 0 1 10 4 0 1 1 E E 1 3.89890468e+03 9.94000000e-03 5
1 0 0 1 0 1 8 7 0 1 1 E E 1 3.70054498e+03 4.50000000e-03 3
1 0 0 1 0 1 10 5 0 1 1 E E 2 3.88754457e+03 5.50000000e-03 3
1 0 0 1 0 1 10 5 0 1 1 E E 1 3.88774321e+03 1.01300000e-02 1
0 0 1 1 1 1 11 1 1 1 2 E E 2 4.01468295e+03 5.50000000e-03 4
1 0 0 1 0 1 8 8 0 1 1 E E 1 3.68227014e+03 4.50000000e-03 2
1 0 0 1 0 1 9 4 0 1 1 E E 2 3.81004358e+03 4.50000000e-03 4
1 0 0 1 0 1 10 2 0 1 1 E E 1 3.90940457e+03 9.94000000e-03 4
1 0 0 1 0 1 9 5 0 1 1 E E 1 3.79808305e+03 9.13000000e-03 4
1 0 0 1 0 1 9 5 0 1 1 E E 2 3.79817367e+03 5.50000000e-03 4
0 0 1 1 1 1 10 1 1 1 2 E E 1 3.91734468e+03 9.94000000e-03 4
0 0 1 1 -1 1 9 3 1 1 0 A A 1 3.81594159e+03 9.94000000e-03 3
0 0 1 1 -1 1 9 3 1 1 0 A A 2 3.81623103e+03 4.50000000e-03 2
1 0 0 1 0 1 8 4 0 1 1 E E 1 3.72987252e+03 8.94000000e-03 4
1 0 0 1 0 1 9 2 0 1 1 E E 1 3.81946189e+03 9.94000000e-03 4
1 0 0 1 0 1 8 5 0 1 1 E E 1 3.71771401e+03 8.94000000e-03 4
1 0 0 1 0 1 9 2 0 1 1 E E 2 3.82054956e+03 4.50000000e-03 4
0 0 1 1 1 1 9 1 1 1 2 E E 2 3.82871219e+03 4.50000000e-03 4
0 0 1 1 -1 1 8 3 1 1 0 A A 2 3.73601071e+03 4.80000000e-03 3
0 0 1 1 -1 1 8 3 1 1 0 A A 1 3.73616566e+03 9.14000000e-03 3
1 0 0 1 0 1 7 4 0 1 1 E E 1 3.65843045e+03 9.03000000e-03 3
0 0 1 1 1 1 11 7 1 1 2 E E 2 4.01753999e+03 5.50000000e-03 3
1 0 0 1 0 1 8 2 0 1 1 E E 2 3.73961824e+03 4.50000000e-03 3
1 0 0 1 0 1 7 5 0 1 1 E E 1 3.64627369e+03 9.13000000e-03 1
1 0 0 1 0 1 7 5 0 1 1 E E 2 3.64628956e+03 3.50000000e-03 3
1 0 0 1 0 1 8 2 0 1 1 E E 1 3.74039931e+03 8.94000000e-03 4
0 0 1 1 1 -1 11 3 1 1 0 A A 2 4.03975269e+03 5.70000000e-03 3
0 0 1 1 1 1 8 1 1 1 2 E E 1 3.74863382e+03 9.83000000e-03 3
0 0 1 1 -1 1 7 3 1 1 0 A A 1 3.66477620e+03 9.14000000e-03 2
0 0 1 1 1 -1 11 0 1 1 0 A A 2 4.03797522e+03 5.50000000e-03 2
0 0 1 1 1 -1 11 3 1 1 0 A A 1 4.03837280e+03 1.09400000e-02 3
1 0 0 1 0 1 6 4 0 1 1 E E 1 3.59573551e+03 8.03000000e-03 5
1 0 0 1 0 1 6 5 0 1 1 E E 1 3.58311246e+03 3.50000000e-03 3
1 0 0 1 0 1 7 2 0 1 1 E E 1 3.66844990e+03 8.94000000e-03 3
1 0 0 1 0 1 7 2 0 1 1 E E 2 3.66897602e+03 3.50000000e-03 4
0 0 1 1 1 1 9 4 1 1 2 E E 1 3.84021312e+03 1.04300000e-02 4
0 0 1 1 1 1 9 4 1 1 2 E E 2 3.84031212e+03 4.50000000e-03 4
0 0 1 1 1 1 7 1 1 1 2 E E 2 3.67715308e+03 3.50000000e-03 5
0 0 1 1 1 -1 10 0 1 1 0 A A 1 3.93850256e+03 9.94000000e-03 3
0 0 1 1 -1 1 6 3 1 1 0 A A 2 3.60206050e+03 3.50000000e-03 3
0 0 1 1 -1 1 6 3 1 1 0 A A 1 3.60209128e+03 8.93000000e-03 3
0 0 1 1 1 -1 10 3 1 1 0 A A 2 3.93892798e+03 5.50000000e-03 4
0 0 1 1 1 -1 11 6 1 1 0 A A 2 4.03189365e+03 5.50000000e-03 4
0 0 1 1 1 -1 11 6 1 1 0 A A 1 4.03200013e+03 1.01300000e-02 4
1 0 0 1 0 1 5 4 0 1 1 E E 1 3.54183388e+03 8.83000000e-03 3
1 0 0 1 0 1 5 5 0 1 1 E E 1 3.52894373e+03 3.70000000e-03 1
0 0 1 1 1 -1 9 3 1 1 0 A A 2 3.84970510e+03 4.50000000e-03 4
1 0 0 1 0 1 6 2 0 1 1 E E 1 3.60631999e+03 8.83000000e-03 4
1 0 0 1 0 1 6 1 0 1 1 E E 1 3.61209953e+03 9.83000000e-03 1
0 0 1 1 1 1 10 5 1 1 2 E E 2 3.93004966e+03 5.50000000e-03 2
0 0 1 1 1 1 10 5 1 1 2 E E 1 3.93009375e+03 9.13000000e-03 4
0 0 1 1 1 1 8 2 1 1 2 E E 1 3.75839777e+03 8.94000000e-03 2
0 0 1 1 1 1 8 4 1 1 2 E E 2 3.75899907e+03 4.50000000e-03 3
0 0 1 1 1 1 8 4 1 1 2 E E 1 3.75913722e+03 8.94000000e-03 4
0 0 1 1 1 1 11 8 1 1 2 E E 1 4.01414771e+03 1.32400000e-02 2
0 0 1 1 1 -1 9 3 1 1 0 A A 1 3.84843575e+03 9.94000000e-03 4
1 0 0 1 0 1 5 2 0 1 1 E E 2 3.55248057e+03 2.50000000e-03 4
0 0 1 1 1 1 8 7 1 1 2 E E 1 3.74676982e+03 4.50000000e-03 3
0 0 1 1 -1 1 5 3 1 1 0 A A 1 3.54815887e+03 8.83000000e-03 2
0 0 1 1 -1 1 5 3 1 1 0 A A 2 3.54816957e+03 2.70000000e-03 2
1 0 0 1 0 1 6 1 0 1 1 E E 2 3.61067496e+03 3.50000000e-03 4
1 0 0 1 0 1 4 4 0 1 1 E E 1 3.49678618e+03 7.83000000e-03 3
0 0 1 1 1 -1 8 3 1 1 0 A A 1 3.76801900e+03 8.94000000e-03 4
0 0 1 1 1 1 9 5 1 1 2 E E 2 3.83974890e+03 4.50000000e-03 2
1 0 0 1 0 1 5 2 0 1 1 E E 1 3.55230708e+03 8.83000000e-03 3
1 0 0 1 0 1 5 1 0 1 1 E E 2 3.55716856e+03 2.50000000e-03 2
0 0 1 1 1 1 9 5 1 1 2 E E 1 3.84003249e+03 9.94000000e-03 2
0 0 1 1 1 1 7 4 1 1 2 E E 1 3.68609191e+03 9.43000000e-03 3
0 0 1 1 1 -1 8 0 1 1 0 A A 1 3.76655476e+03 8.94000000e-03 3
0 0 1 1 1 -1 8 3 1 1 0 A A 2 3.76691736e+03 4.50000000e-03 4
0 0 1 1 1 1 10 8 1 1 2 E E 1 3.91518387e+03 1.32300000e-02 2
0 0 1 1 1 1 10 8 1 1 2 E E 2 3.91519654e+03 7.50000000e-03 2
0 0 1 1 1 -1 9 6 1 1 0 A A 2 3.84172981e+03 4.50000000e-03 4
0 0 1 1 1 1 5 1 1 1 2 E E 2 3.56021542e+03 2.50000000e-03 3
0 0 1 1 1 1 7 7 1 1 2 E E 1 3.67463659e+03 3.70000000e-03 3
0 0 1 1 -1 1 4 3 1 1 0 A A 1 3.50308128e+03 3.50000000e-03 2
0 0 1 1 1 -1 7 3 1 1 0 A A 2 3.69528074e+03 3.50000000e-03 4
0 0 1 1 1 1 7 2 1 1 2 E E 1 3.69079670e+03 8.94000000e-03 2
1 0 0 1 0 1 4 1 0 1 1 E E 1 3.51088961e+03 7.83000000e-03 3
0 0 1 1 1 1 5 1 1 1 2 E E 1 3.55980865e+03 8.83000000e-03 3
0 0 1 1 1 1 8 5 1 1 2 E E 2 3.75899903e+03 4.50000000e-03 2
0 0 1 1 1 1 8 5 1 1 2 E E 1 3.75913734e+03 9.13000000e-03 1
0 0 1 1 1 1 6 4 1 1 2 E E 1 3.62288904e+03 8.03000000e-03 4
1 0 0 1 0 1 4 2 0 1 1 E E 2 3.50743066e+03 2.50000000e-03 4
1 0 0 1 0 1 4 2 0 1 1 E E 1 3.50750816e+03 7.83000000e-03 4
0 0 1 1 1 -1 7 0 1 1 0 A A 2 3.69408431e+03 3.50000000e-03 3
0 0 1 1 1 -1 7 3 1 1 0 A A 1 3.69440943e+03 8.94000000e-03 4
0 0 1 1 1 1 6 5 1 1 2 E E 1 3.62356200e+03 8.63000000e-03 3
0 0 1 1 1 1 6 5 1 1 2 E E 2 3.62361222e+03 4.10000000e-03 3
0 0 1 1 1 -1 8 6 1 1 0 A A 1 3.76032664e+03 8.13000000e-03 4
0 0 1 1 1 -1 8 6 1 1 0 A A 2 3.76034906e+03 4.50000000e-03 4
0 0 1 1 1 1 9 8 1 1 2 E E 1 3.82515078e+03 5.50000000e-03 3
0 0 1 1 1 1 4 1 1 1 2 E E 1 3.51494817e+03 8.23000000e-03 3
0 0 1 1 1 -1 6 0 1 1 0 A A 1 3.63065117e+03 8.83000000e-03 5
0 0 1 1 1 -1 6 3 1 1 0 A A 1 3.63154326e+03 8.83000000e-03 4
0 0 1 1 -1 1 3 3 1 1 0 A A 1 3.46690517e+03 2.70000000e-03 2
0 0 1 1 1 1 6 2 1 1 2 E E 2 3.62743530e+03 3.50000000e-03 3
1 0 0 1 0 1 3 1 0 1 1 E E 2 3.47417740e+03 1.50000000e-03 2
0 0 1 1 1 1 7 5 1 1 2 E E 2 3.68679133e+03 3.50000000e-03 2
0 0 1 1 1 1 7 5 1 1 2 E E 1 3.68699697e+03 8.94000000e-03 3
0 0 1 1 1 1 4 1 1 1 2 E E 2 3.51485967e+03 4.20000000e-03 3
1 0 0 1 0 1 11 10 0 1 1 E E 2 3.92941809e+03 6.50000000e-03 2
0 0 1 1 1 -1 6 3 1 1 0 A A 2 3.63095090e+03 3.50000000e-03 3
1 0 0 1 0 1 3 2 0 1 1 E E 1 3.47142834e+03 8.03000000e-03 2
1 0 0 1 0 1 3 2 0 1 1 E E 2 3.47145442e+03 2.70000000e-03 2
0 0 1 1 1 1 8 8 1 1 2 E E 1 3.74408578e+03 4.50000000e-03 2
0 0 1 1 1 1 5 5 1 1 2 E E 1 3.56949180e+03 2.70000000e-03 4
0 0 1 1 1 -1 5 0 1 1 0 A A 2 3.57627152e+03 2.50000000e-03 4
0 0 1 1 1 1 3 1 1 1 2 E E 2 3.47861375e+03 1.50000000e-03 2
0 0 1 1 1 1 5 2 1 1 2 E E 2 3.57213050e+03 2.50000000e-03 3
0 0 1 1 1 1 6 4 1 1 2 E E 2 3.62278088e+03 3.50000000e-03 3
1 0 0 1 0 1 2 1 0 1 1 E E 1 3.44681631e+03 8.23000000e-03 2
0 0 1 1 1 -1 5 3 1 1 0 A A 1 3.57656935e+03 8.83000000e-03 3
0 0 1 1 1 -1 5 3 1 1 0 A A 2 3.57687509e+03 2.50000000e-03 4
1 0 0 1 0 1 2 2 0 1 1 E E 1 3.44436264e+03 3.50000000e-03 1
0 0 1 1 1 -1 4 0 1 1 0 A A 1 3.53092105e+03 7.83000000e-03 4
0 0 1 1 1 1 2 1 1 1 2 E E 1 3.45129266e+03 8.23000000e-03 2
0 0 1 1 1 -1 4 3 1 1 0 A A 1 3.53137049e+03 7.83000000e-03 5
1 0 0 1 0 1 7 7 0 1 1 E E 1 3.62842003e+03 3.70000000e-03 2
0 0 1 1 1 1 4 2 1 1 2 E E 1 3.52726843e+03 8.23000000e-03 3
0 0 1 1 1 1 4 2 1 1 2 E E 2 3.52794166e+03 2.70000000e-03 2
1 0 0 1 0 1 9 7 0 1 1 E E 2 3.78145243e+03 4.50000000e-03 2
1 0 0 1 0 1 1 1 0 1 1 E E 2 3.42853022e+03 5.00000000e-04 2
1 0 0 1 0 1 8 5 0 1 1 E E 2 3.71767283e+03 4.50000000e-03 3
0 0 1 1 1 -1 4 3 1 1 0 A A 2 3.53127775e+03 2.90000000e-03 3
0 0 1 1 1 -1 3 0 1 1 0 A A 2 3.49459180e+03 1.50000000e-03 3
0 0 1 1 1 1 1 1 1 1 2 E E 2 3.43304652e+03 5.00000000e-04 2
0 0 1 1 1 1 3 2 1 1 2 E E 2 3.49153157e+03 2.70000000e-03 2
0 0 1 1 1 1 3 2 1 1 2 E E 1 3.49181459e+03 7.83000000e-03 2
1 0 0 1 0 1 9 4 0 1 1 E E 1 3.80998535e+03 9.13000000e-03 4
0 0 1 1 1 -1 3 3 1 1 0 A A 1 3.49507344e+03 7.83000000e-03 2
0 0 1 1 1 -1 3 3 1 1 0 A A 2 3.49508672e+03 2.70000000e-03 2
0 0 1 1 1 -1 2 0 1 1 0 A A 1 3.46737081e+03 8.23000000e-03 2
1 0 0 1 0 1 10 4 0 1 1 E E 2 3.89868894e+03 5.50000000e-03 3
1 0 0 1 0 1 6 2 0 1 1 E E 2 3.60599830e+03 3.50000000e-03 3
0 0 1 1 1 -1 1 0 1 1 0 A A 2 3.44927932e+03 5.00000000e-04 2
1 0 0 1 0 1 11 1 0 1 1 E E 1 4.00823749e+03 1.09400000e-02 3
1 0 0 1 0 1 10 1 0 1 1 E E 2 3.91126598e+03 5.50000000e-03 3
1 0 0 1 0 1 9 1 0 1 1 E E 1 3.82302252e+03 9.94000000e-03 3
1 0 0 1 0 1 3 1 0 1 1 E E 1 3.47701374e+03 8.13000000e-03 2
1 0 0 1 0 1 8 1 0 1 1 E E 2 3.74350144e+03 4.50000000e-03 3
1 0 0 1 0 1 4 1 0 1 1 E E 2 3.51278357e+03 2.50000000e-03 1
1 0 0 1 0 1 7 1 0 1 1 E E 1 3.67271233e+03 9.03000000e-03 3
1 0 0 1 0 1 5 1 0 1 1 E E 1 3.55741183e+03 8.83000000e-03 3
0 0 1 1 1 1 1 1 1 1 2 E E 1 3.43353829e+03 8.23000000e-03 1
0 0 1 1 1 1 2 1 1 1 2 E E 2 3.45167544e+03 1.50000000e-03 1
0 0 1 1 1 1 3 1 1 1 2 E E 1 3.47879733e+03 8.23000000e-03 1
0 0 1 1 1 1 6 1 1 1 2 E E 2 3.61358189e+03 3.50000000e-03 2
0 0 1 1 1 1 7 1 1 1 2 E E 1 3.67611733e+03 8.94000000e-03 2
0 0 1 1 1 1 8 1 1 1 2 E E 2 3.74737203e+03 4.50000000e-03 2
0 0 1 1 1 -1 0 0 1 1 0 A A 1 3.44025769e+03 8.23000000e-03 1
0 0 1 1 1 1 11 7 1 1 2 E E 1 4.01756538e+03 1.01300000e-02 3
0 0 1 1 1 -1 7 6 1 1 0 A A 1 3.68797297e+03 7.94000000e-03 3
0 0 1 1 1 1 9 7 1 1 2 E E 1 3.82793312e+03 9.13000000e-03 2
0 0 1 1 1 1 10 7 1 1 2 E E 2 3.91804390e+03 5.50000000e-03 2
0 0 1 1 1 1 10 7 1 1 2 E E 1 3.91806303e+03 9.13000000e-03 2
0 0 1 1 1 1 10 10 1 1 2 E E 1 3.89467465e+03 5.50000000e-03 2
0 0 1 1 1 1 11 10 1 1 2 E E 1 3.99369504e+03 7.10000000e-03 2
0 0 1 1 1 1 12 10 1 1 2 E E 2 4.10161781e+03 6.50000000e-03 2
0 0 1 1 1 1 12 10 1 1 2 E E 1 4.10162806e+03 1.51400000e-02 2
0 0 1 1 1 1 13 13 1 1 2 E E 1 4.18304884e+03 1.15000000e-02 2
0 0 1 1 1 1 13 10 1 1 2 E E 1 4.21811479e+03 1.26400000e-02 2
0 0 1 1 1 1 13 10 1 1 2 E E 2 4.21813656e+03 7.50000000e-03 2
0 0 1 1 1 1 14 13 1 1 2 E E 1 4.30884663e+03 1.25000000e-02 2
0 0 1 1 1 -1 10 3 1 1 0 A A 1 3.94029223e+03 9.94000000e-03 3
0 0 1 1 1 -1 6 6 1 1 0 A A 1 3.62461273e+03 3.70000000e-03 1
0 0 1 1 1 -1 7 6 1 1 0 A A 2 3.68796158e+03 3.70000000e-03 2
0 0 1 1 1 -1 9 6 1 1 0 A A 1 3.84176730e+03 9.13000000e-03 3
0 0 1 1 1 -1 10 6 1 1 0 A A 1 3.93222108e+03 9.13000000e-03 2
0 0 1 1 1 -1 10 6 1 1 0 A A 2 3.93228265e+03 5.50000000e-03 2
0 0 1 1 1 1 6 1 1 1 2 E E 1 3.61431733e+03 8.83000000e-03 1
0 0 1 1 1 1 9 7 1 1 2 E E 2 3.82789552e+03 4.50000000e-03 1
0 0 1 1 1 -1 9 0 1 1 0 A A 2 3.84803453e+03 4.50000000e-03 2
0 0 0 0 0 0 23 3 0 0 0 A A 2 2.41644655e+03 4.56400000e-02 1
0 1 0 0 0 0 22 3 0 0 0 A A 1 3.15210270e+03 4.31400000e-02 2
0 0 0 0 0 0 23 3 0 0 0 A A 1 2.41582380e+03 5.56400000e-02 4
0 1 0 0 0 0 22 3 0 0 0 A A 2 3.15188580e+03 5.81400000e-02 1
0 0 0 0 0 0 24 12 0 0 0 A A 1 2.56041609e+03 5.06400000e-02 1
0 1 0 0 0 0 23 12 0 0 0 A A 2 3.29650297e+03 4.81400000e-02 3
0 0 0 0 0 0 24 12 0 0 0 A A 2 2.56041500e+03 5.06400000e-02 1
0 1 0 0 0 0 23 12 0 0 0 A A 1 3.29650188e+03 4.81400000e-02 3
0 0 0 0 0 0 23 6 0 0 0 A A 2 2.40346322e+03 4.56400000e-02 1
0 1 0 0 0 0 22 6 0 0 0 A A 1 3.14171746e+03 4.31400000e-02 3
0 0 0 0 0 0 23 6 0 0 0 A A 1 2.40347140e+03 5.06400000e-02 5
0 1 0 0 0 0 22 6 0 0 0 A A 2 3.14174464e+03 4.81400000e-02 2
0 0 0 0 0 0 23 9 0 0 0 A A 2 2.38253752e+03 4.56400000e-02 3
0 1 0 0 0 0 22 9 0 0 0 A A 1 3.12498640e+03 4.31400000e-02 3
0 0 0 0 0 0 23 9 0 0 0 A A 1 2.38254012e+03 4.56400000e-02 3
0 1 0 0 0 0 22 9 0 0 0 A A 2 3.12498835e+03 4.31400000e-02 3
0 0 0 0 0 0 24 15 0 0 0 A A 2 2.52093578e+03 5.06400000e-02 4
0 1 0 0 0 0 23 15 0 0 0 A A 1 3.26507774e+03 4.81400000e-02 2
0 0 0 0 0 0 24 15 0 0 0 A A 1 2.52093710e+03 5.06400000e-02 4
0 1 0 0 0 0 23 15 0 0 0 A A 2 3.26507906e+03 4.81400000e-02 2
0 0 0 0 0 0 22 0 0 0 0 A A 1 2.22098441e+03 4.56400000e-02 2
0 1 0 0 0 0 21 0 0 0 0 A A 2 2.96796826e+03 4.31400000e-02 2
0 0 0 0 0 0 22 3 0 0 0 A A 1 2.21702328e+03 5.06400000e-02 3
0 1 0 0 0 0 21 3 0 0 0 A A 2 2.96465979e+03 5.31400000e-02 1
0 0 0 0 0 0 22 3 0 0 0 A A 2 2.21702238e+03 4.06400000e-02 1
0 1 0 0 0 0 21 3 0 0 0 A A 1 2.96499443e+03 3.81400000e-02 2
0 0 0 0 0 0 23 12 0 0 0 A A 2 2.35246561e+03 4.56400000e-02 4
0 1 0 0 0 0 22 12 0 0 0 A A 1 3.10111958e+03 4.31400000e-02 3
0 0 0 0 0 0 23 12 0 0 0 A A 1 2.35246648e+03 4.56400000e-02 4
0 1 0 0 0 0 22 12 0 0 0 A A 2 3.10112098e+03 4.31400000e-02 3
0 0 0 0 0 0 22 6 0 0 0 A A 1 2.20434843e+03 4.56400000e-02 5
0 1 0 0 0 0 21 6 0 0 0 A A 2 2.95467928e+03 4.31400000e-02 3
0 0 0 0 0 0 22 6 0 0 0 A A 2 2.20434814e+03 4.06400000e-02 3
0 1 0 0 0 0 21 6 0 0 0 A A 1 2.95469219e+03 3.81400000e-02 3
0 0 0 0 0 0 22 9 0 0 0 A A 2 2.18314574e+03 4.06400000e-02 3
0 1 0 0 0 0 21 9 0 0 0 A A 1 2.93788788e+03 3.81400000e-02 3
0 0 0 0 0 0 22 9 0 0 0 A A 1 2.18314696e+03 4.06400000e-02 4
0 1 0 0 0 0 21 9 0 0 0 A A 2 2.93788996e+03 3.81400000e-02 4
0 0 0 0 0 0 20 9 0 0 0 A A 1 1.80904680e+03 3.06400000e-02 6
0 0 0 0 0 0 23 15 0 0 0 A A 2 2.31243215e+03 4.56400000e-02 5
0 1 0 0 0 0 22 15 0 0 0 A A 1 3.06913665e+03 4.31400000e-02 2
0 0 0 0 0 0 23 15 0 0 0 A A 1 2.31243347e+03 4.56400000e-02 5
0 1 0 0 0 0 22 15 0 0 0 A A 2 3.06913812e+03 4.31400000e-02 2
0 0 0 0 0 0 20 6 0 0 0 A A 2 1.83077751e+03 3.06400000e-02 7
0 1 0 0 0 0 19 9 0 0 0 A A 1 2.58852985e+03 2.81400000e-02 5
0 0 0 0 0 0 20 6 0 0 0 A A 1 1.83077969e+03 3.56400000e-02 8
0 0 0 0 0 0 21 3 0 0 0 A A 2 2.02595600e+03 3.56400000e-02 6
0 0 0 0 0 0 21 3 0 0 0 A A 1 2.02622498e+03 4.06400000e-02 7
0 0 0 0 0 0 22 12 0 0 0 A A 1 2.15267479e+03 4.06400000e-02 5
0 1 0 0 0 0 21 12 0 0 0 A A 2 2.91397611e+03 3.81400000e-02 4
0 0 0 0 0 0 22 12 0 0 0 A A 2 2.15267278e+03 4.06400000e-02 5
0 1 0 0 0 0 21 12 0 0 0 A A 1 2.91397417e+03 3.81400000e-02 3
0 0 0 0 0 0 21 6 0 0 0 A A 2 2.01343096e+03 3.56400000e-02 2
0 1 0 0 0 0 20 6 0 0 0 A A 1 2.77587450e+03 3.31400000e-02 4
0 0 0 0 0 0 21 6 0 0 0 A A 1 2.01343468e+03 4.06400000e-02 10
0 1 0 0 0 0 20 0 0 0 0 A A 1 2.78918942e+03 3.31400000e-02 2
0 0 0 0 0 0 21 9 0 0 0 A A 2 1.99196219e+03 3.56400000e-02 7
0 1 0 0 0 0 20 9 0 0 0 A A 1 2.75904827e+03 3.31400000e-02 5
0 0 0 0 0 0 21 9 0 0 0 A A 1 1.99196467e+03 3.56400000e-02 6
0 0 0 0 0 0 20 0 0 0 0 A A 1 1.84782138e+03 4.06400000e-02 2
0 1 0 0 0 0 19 3 0 0 0 A A 2 2.61516548e+03 3.81400000e-02 5
0 0 0 0 0 0 19 9 0 0 0 A A 2 1.63444727e+03 2.56400000e-02 6
0 0 0 0 0 0 23 18 0 0 0 A A 2 2.26133733e+03 4.56400000e-02 4
0 1 0 0 0 0 22 18 0 0 0 A A 1 3.03072308e+03 4.31400000e-02 2
0 0 0 0 0 0 23 18 0 0 0 A A 1 2.26133871e+03 5.06400000e-02 4
0 1 0 0 0 0 22 18 0 0 0 A A 2 3.03072446e+03 4.81400000e-02 2
0 0 0 0 0 0 19 6 0 0 0 A A 2 1.65643779e+03 2.56400000e-02 7
0 0 0 0 0 0 22 15 0 0 0 A A 1 2.11209649e+03 4.06400000e-02 5
0 1 0 0 0 0 21 15 0 0 0 A A 2 2.88272036e+03 4.31400000e-02 3
0 0 0 0 0 0 22 15 0 0 0 A A 2 2.11209487e+03 4.06400000e-02 5
0 1 0 0 0 0 21 15 0 0 0 A A 1 2.88271890e+03 3.81400000e-02 3
0 0 0 0 0 0 20 3 0 0 0 A A 1 1.84348881e+03 4.06400000e-02 6
0 0 0 0 0 0 20 3 0 0 0 A A 2 1.84368746e+03 3.36300000e-02 4
0 1 0 0 0 0 19 3 0 0 0 A A 1 2.61558590e+03 3.11300000e-02 3
0 0 0 0 0 0 21 12 0 0 0 A A 2 1.96109627e+03 3.56400000e-02 5
0 1 0 0 0 0 20 12 0 0 0 A A 1 2.73512245e+03 3.31400000e-02 3
0 0 0 0 0 0 21 12 0 0 0 A A 1 1.96109844e+03 3.56400000e-02 5
0 1 0 0 0 0 19 6 0 0 0 A A 1 2.60536739e+03 2.81400000e-02 4
0 0 0 0 0 0 20 9 0 0 0 A A 2 1.80904398e+03 3.06400000e-02 7
0 0 0 0 0 0 18 9 0 0 0 A A 2 1.46822145e+03 2.36300000e-02 4
0 1 0 0 0 0 17 12 0 0 0 A A 1 2.24886575e+03 2.36400000e-02 5
0 0 0 0 0 0 18 6 0 0 0 A A 2 1.49046118e+03 2.36300000e-02 7
0 1 0 0 0 0 17 15 0 0 0 A A 1 2.21848938e+03 2.36400000e-02 5
0 0 0 0 0 0 22 18 0 0 0 A A 1 2.06029079e+03 4.56400000e-02 6
0 1 0 0 0 0 21 18 0 0 0 A A 2 2.84386457e+03 4.31400000e-02 3
0 0 0 0 0 0 22 18 0 0 0 A A 2 2.06028941e+03 4.06400000e-02 6
0 1 0 0 0 0 21 18 0 0 0 A A 1 2.84386326e+03 3.81400000e-02 3
0 0 0 0 0 0 21 15 0 0 0 A A 2 1.91998406e+03 3.56400000e-02 5
0 1 0 0 0 0 20 15 0 0 0 A A 1 2.70391473e+03 3.31400000e-02 4
0 0 0 0 0 0 21 15 0 0 0 A A 1 1.91998542e+03 4.06400000e-02 6
0 0 0 0 0 0 18 3 0 0 0 A A 1 1.50362018e+03 3.30000000e-02 2
0 0 0 0 0 0 18 3 0 0 0 A A 2 1.50351077e+03 2.86300000e-02 5
0 1 0 0 0 0 17 6 0 0 0 A A 1 2.28939555e+03 2.61300000e-02 3
0 1 0 0 0 0 18 6 0 0 0 A A 1 2.44319196e+03 2.61300000e-02 4
0 0 0 0 0 0 20 12 0 0 0 A A 1 1.77779465e+03 3.56400000e-02 6
0 0 0 0 0 0 20 12 0 0 0 A A 2 1.77779316e+03 3.06400000e-02 6
0 1 0 0 0 0 19 12 0 0 0 A A 1 2.56461907e+03 2.81400000e-02 5
0 1 0 0 0 0 18 0 0 0 0 A A 1 2.45652897e+03 3.11300000e-02 1
0 1 0 0 0 0 16 9 0 0 0 A A 1 2.12726451e+03 2.16300000e-02 6
0 0 0 0 0 0 20 15 0 0 0 A A 2 1.73615830e+03 3.06400000e-02 4
0 1 0 0 0 0 19 15 0 0 0 A A 1 2.53357480e+03 2.81400000e-02 4
0 0 0 0 0 0 20 15 0 0 0 A A 1 1.73615926e+03 3.56400000e-02 4
0 0 0 0 0 0 21 18 0 0 0 A A 2 1.86748291e+03 3.56400000e-02 5
0 1 0 0 0 0 20 18 0 0 0 A A 1 2.66556207e+03 3.31400000e-02 2
0 0 0 0 0 0 21 18 0 0 0 A A 1 1.86748408e+03 4.06400000e-02 5
0 1 0 0 0 0 20 18 0 0 0 A A 2 2.66556304e+03 4.00000000e-02 2
0 0 0 0 0 0 19 12 0 0 0 A A 2 1.60281971e+03 2.56400000e-02 6
0 1 0 0 0 0 15 12 0 0 0 A A 1 1.96711832e+03 1.86400000e-02 5
0 1 0 0 0 0 15 9 0 0 0 A A 1 1.99043078e+03 1.86400000e-02 5
0 0 0 0 0 0 19 15 0 0 0 A A 2 1.56067531e+03 2.56400000e-02 4
0 1 0 0 0 0 16 6 0 0 0 A A 1 2.14402187e+03 2.16300000e-02 5
0 0 0 1 0 1 21 20 0 1 1 E E 2 2.87281401e+03 4.81400000e-02 2
0 0 0 1 0 1 21 20 0 1 1 E E 1 2.87281263e+03 4.31400000e-02 2
0 0 0 0 0 0 20 18 0 0 0 A A 2 1.68297831e+03 3.06400000e-02 5
0 1 0 0 0 0 19 18 0 0 0 A A 1 2.49618577e+03 2.81400000e-02 2
0 0 0 0 0 0 20 18 0 0 0 A A 1 1.68297905e+03 3.75000000e-02 5
0 0 0 1 0 1 15 14 0 1 1 E E 2 2.02836745e+03 2.55000000e-02 2
0 0 0 1 0 1 16 14 0 1 1 E E 2 2.17279225e+03 3.05000000e-02 2
0 0 0 1 0 1 16 14 0 1 1 E E 1 2.17279177e+03 2.36400000e-02 2
0 0 0 1 0 1 19 11 0 1 1 E E 2 2.70817009e+03 3.81400000e-02 2
0 0 0 1 0 1 19 11 0 1 1 E E 1 2.70816825e+03 3.31400000e-02 2
0 0 0 1 0 1 20 11 0 1 1 E E 2 2.88445808e+03 3.81400000e-02 3
0 0 0 1 0 1 20 11 0 1 1 E E 1 2.88445517e+03 3.81400000e-02 2
0 0 0 1 0 1 20 17 0 1 1 E E 2 2.76701525e+03 4.31400000e-02 1
0 0 0 1 0 1 20 17 0 1 1 E E 1 2.76701408e+03 3.81400000e-02 1
0 0 0 1 0 1 20 8 0 1 1 E E 2 2.92382699e+03 3.81400000e-02 4
0 0 0 1 0 1 21 11 0 1 1 E E 2 3.06898887e+03 4.31400000e-02 2
0 0 0 1 0 1 21 17 0 1 1 E E 1 2.95404606e+03 4.31400000e-02 1
0 0 0 1 0 1 21 17 0 1 1 E E 2 2.95404744e+03 4.81400000e-02 1
0 0 0 0 0 0 22 21 0 0 0 A A 1 1.99581252e+03 5.06400000e-02 1
0 0 0 0 0 0 22 21 0 0 0 A A 2 1.99581114e+03 4.56400000e-02 1
0 0 0 1 0 1 22 14 0 1 1 E E 1 3.21195746e+03 4.81400000e-02 1
0 0 0 1 0 1 22 14 0 1 1 E E 2 3.21195878e+03 4.81400000e-02 1
0 0 0 1 0 1 22 17 0 1 1 E E 2 3.14910113e+03 5.31400000e-02 1
0 0 0 1 0 1 22 17 0 1 1 E E 1 3.14909975e+03 4.81400000e-02 1
0 0 0 1 0 1 22 22 0 1 1 E E 1 3.15718282e+03 4.81400000e-02 1
0 0 0 1 0 1 22 22 0 1 1 E E 2 3.15718420e+03 5.31400000e-02 1
0 0 0 1 0 1 22 8 0 1 1 E E 2 3.29970708e+03 4.81400000e-02 2
0 0 0 1 0 1 23 14 0 1 1 E E 1 3.41375673e+03 5.31400000e-02 2
0 0 0 1 0 1 23 14 0 1 1 E E 2 3.41375805e+03 5.31400000e-02 2
0 0 0 0 0 0 24 9 0 0 0 A A 2 2.59008227e+03 5.56400000e-02 1
0 0 0 0 0 0 24 9 0 0 0 A A 1 2.59008359e+03 5.56400000e-02 1
0 0 0 0 0 0 25 21 0 0 0 A A 2 2.62617349e+03 5.56400000e-02 2
0 0 0 1 0 1 24 20 0 1 1 E E 1 3.48871995e+03 5.31400000e-02 2
0 0 0 0 0 0 25 21 0 0 0 A A 1 2.62617481e+03 5.56400000e-02 2
0 0 0 1 0 1 24 20 0 1 1 E E 2 3.48872127e+03 5.31400000e-02 2
0 1 0 0 0 0 13 12 0 0 0 A A 1 1.71971133e+03 1.46400000e-02 4
0 1 0 0 0 0 14 6 0 0 0 A A 1 1.87868187e+03 1.71300000e-02 5
0 0 0 0 0 0 16 12 0 0 0 A A 2 1.12840623e+03 2.11400000e-02 5
0 0 0 0 0 0 16 15 0 0 0 A A 2 1.08483165e+03 2.11400000e-02 3
0 1 0 0 0 0 15 15 0 0 0 A A 1 1.93786483e+03 1.91400000e-02 2
0 0 0 0 0 0 19 18 0 0 0 A A 2 1.50683488e+03 2.56400000e-02 3
0 1 0 0 0 0 9 6 0 0 0 A A 1 1.36483025e+03 1.11300000e-02 5
0 0 0 1 0 1 11 11 0 1 1 E E 1 1.59908845e+03 1.52300000e-02 1
0 0 0 1 0 1 12 11 0 1 1 E E 2 1.70816725e+03 1.05000000e-02 2
0 0 0 1 0 1 12 11 0 1 1 E E 1 1.70816722e+03 1.46400000e-02 2
0 0 0 1 0 1 13 11 0 1 1 E E 1 1.82573687e+03 1.76300000e-02 2
0 0 0 1 0 1 13 13 0 1 1 E E 1 1.87908997e+03 1.71300000e-02 1
0 0 0 1 0 1 13 8 0 1 1 E E 1 1.87113173e+03 1.76300000e-02 1
0 0 0 1 0 1 14 11 0 1 1 E E 1 1.95177672e+03 1.91400000e-02 2
0 0 0 1 0 1 14 14 0 1 1 E E 1 1.89210984e+03 2.36400000e-02 1
0 0 0 1 0 1 14 8 0 1 1 E E 1 1.99616770e+03 1.86400000e-02 1
0 0 0 1 0 1 15 11 0 1 1 E E 1 2.08626703e+03 2.36400000e-02 1
0 0 0 1 0 1 15 13 0 1 1 E E 1 2.14189723e+03 2.16300000e-02 1
0 0 0 1 0 1 15 14 0 1 1 E E 1 2.02836726e+03 2.36400000e-02 1
0 0 0 1 0 1 15 5 0 1 1 E E 1 2.16055342e+03 2.16300000e-02 1
0 0 0 1 0 1 15 8 0 1 1 E E 1 2.12971698e+03 2.16300000e-02 1
0 0 0 1 0 1 16 1 0 1 1 E E 2 2.32617470e+03 3.05000000e-02 1
0 0 0 1 0 1 16 16 0 1 1 E E 1 2.23823686e+03 2.36400000e-02 1
0 0 0 1 0 1 16 2 0 1 1 E E 1 2.31936095e+03 3.61300000e-02 1
0 0 0 1 0 1 16 2 0 1 1 E E 2 2.32008422e+03 3.05000000e-02 1
0 0 0 1 0 1 16 5 0 1 1 E E 2 2.30201196e+03 3.05000000e-02 1
0 0 0 1 0 -1 16 5 0 1 1 E E 1 2.30193250e+03 2.61300000e-02 1
0 0 0 1 0 1 16 8 0 1 1 E E 2 2.27174354e+03 3.05000000e-02 2
0 0 0 1 0 1 16 8 0 1 1 E E 1 2.27174286e+03 2.36400000e-02 2
0 0 0 1 0 1 17 10 0 1 1 E E 1 2.47393561e+03 3.11300000e-02 1
0 0 0 1 0 -1 17 11 0 1 1 E E 2 2.38049459e+03 3.55000000e-02 1
0 0 0 1 0 -1 17 11 0 1 1 E E 1 2.38049410e+03 2.61300000e-02 1
0 0 0 1 0 1 17 14 0 1 1 E E 1 2.32543182e+03 2.81400000e-02 1
0 0 0 1 0 1 17 14 0 1 1 E E 2 2.32543212e+03 3.55000000e-02 1
0 0 0 1 0 1 17 16 0 1 1 E E 1 2.39211513e+03 2.61300000e-02 1
0 0 0 1 0 1 17 17 0 1 1 E E 1 2.25339728e+03 2.86400000e-02 1
0 0 0 1 0 1 17 17 0 1 1 E E 2 2.25339814e+03 3.55000000e-02 1
0 0 0 1 0 -1 17 2 0 1 1 E E 2 2.46904217e+03 3.55000000e-02 2
0 0 0 1 0 -1 17 2 0 1 1 E E 1 2.46964959e+03 3.11300000e-02 1
0 0 0 1 0 1 17 8 0 1 1 E E 2 2.42220776e+03 3.55000000e-02 2
0 0 0 1 0 1 17 8 0 1 1 E E 1 2.42220694e+03 2.61300000e-02 2
0 0 0 1 0 1 18 10 0 1 1 E E 1 2.63558397e+03 2.81400000e-02 1
0 0 0 1 0 1 18 10 0 1 1 E E 2 2.63563368e+03 3.81400000e-02 1
0 0 0 1 0 1 18 11 0 1 1 E E 2 2.54016894e+03 3.81400000e-02 1
0 0 0 1 0 1 18 11 0 1 1 E E 1 2.54016836e+03 2.81400000e-02 1
0 0 0 1 0 1 18 14 0 1 1 E E 1 2.48630914e+03 2.81400000e-02 1
0 0 0 1 0 1 18 14 0 1 1 E E 2 2.48630972e+03 4.00000000e-02 1
0 0 0 1 0 1 18 17 0 1 1 E E 2 2.41682840e+03 4.05000000e-02 1
0 0 0 1 0 1 18 17 0 1 1 E E 1 2.41682762e+03 2.81400000e-02 1
0 0 0 1 0 1 18 2 0 1 1 E E 1 2.62672559e+03 3.11300000e-02 1
0 0 0 1 0 1 18 2 0 1 1 E E 2 2.62767774e+03 3.81400000e-02 1
0 0 0 1 0 1 18 5 0 1 1 E E 1 2.61006666e+03 2.81400000e-02 1
0 0 0 1 0 1 18 5 0 1 1 E E 2 2.61006762e+03 3.81400000e-02 2
0 0 0 1 0 1 18 8 0 1 1 E E 1 2.58106999e+03 2.81400000e-02 2
0 0 0 1 0 1 18 8 0 1 1 E E 2 2.58107053e+03 3.81400000e-02 2
0 0 0 1 0 1 19 13 0 1 1 E E 1 2.77159330e+03 3.31400000e-02 1
0 0 0 1 0 1 19 14 0 1 1 E E 2 2.65542307e+03 3.81400000e-02 1
0 0 0 1 0 1 19 14 0 1 1 E E 1 2.65542211e+03 3.31400000e-02 1
0 0 0 1 0 1 19 17 0 1 1 E E 2 2.58796211e+03 4.00000000e-02 1
0 0 0 1 0 1 19 17 0 1 1 E E 1 2.58796137e+03 3.31400000e-02 1
0 0 0 1 0 1 19 19 0 1 1 E E 1 2.66461135e+03 3.31400000e-02 1
0 0 0 1 0 1 19 5 0 1 1 E E 1 2.77680034e+03 3.31400000e-02 2
0 0 0 1 0 1 19 5 0 1 1 E E 2 2.77680608e+03 4.31400000e-02 1
0 0 0 1 0 1 19 7 0 1 1 E E 2 2.82809346e+03 4.31400000e-02 1
0 0 0 1 0 1 19 8 0 1 1 E E 2 2.74829162e+03 3.31400000e-02 2
0 0 0 1 0 1 19 8 0 1 1 E E 1 2.74828861e+03 3.31400000e-02 1
0 0 0 1 0 1 20 1 0 1 1 E E 2 2.97347736e+03 4.31400000e-02 2
0 0 0 1 0 1 20 10 0 1 1 E E 2 2.98393682e+03 4.31400000e-02 1
0 0 0 1 0 1 20 13 0 1 1 E E 2 2.94977648e+03 3.81400000e-02 1
0 0 0 1 0 1 20 13 0 1 1 E E 1 2.94977400e+03 3.81400000e-02 1
0 0 0 1 0 1 20 14 0 1 1 E E 1 2.83275319e+03 3.81400000e-02 2
0 0 0 1 0 1 20 14 0 1 1 E E 2 2.83275445e+03 4.31400000e-02 2
0 0 0 1 0 1 20 16 0 1 1 E E 2 2.90511658e+03 4.31400000e-02 1
0 0 0 1 0 1 20 16 0 1 1 E E 1 2.90511522e+03 3.81400000e-02 1
0 0 0 1 0 1 20 2 0 1 1 E E 2 2.96763767e+03 4.31400000e-02 2
0 0 0 1 0 1 20 2 0 1 1 E E 1 2.96833379e+03 3.81400000e-02 1
0 0 0 1 0 1 20 5 0 1 1 E E 1 2.95235174e+03 3.81400000e-02 1
0 0 0 1 0 1 20 5 0 1 1 E E 2 2.95235252e+03 4.31400000e-02 2
0 0 0 1 0 1 20 7 0 1 1 E E 2 3.00652892e+03 4.31400000e-02 1
0 0 0 1 0 1 20 8 0 1 1 E E 1 2.92382490e+03 3.81400000e-02 2
0 0 0 1 0 1 21 10 0 1 1 E E 2 3.17072315e+03 4.81400000e-02 2
0 0 0 1 0 1 21 11 0 1 1 E E 1 3.06898621e+03 4.31400000e-02 1
0 0 0 1 0 1 21 13 0 1 1 E E 2 3.13419381e+03 4.31400000e-02 2
0 0 0 1 0 1 21 14 0 1 1 E E 1 3.01827648e+03 4.31400000e-02 1
0 0 0 1 0 1 21 14 0 1 1 E E 2 3.01827810e+03 4.31400000e-02 1
0 0 0 1 0 1 21 16 0 1 1 E E 2 3.09297181e+03 4.31400000e-02 1
0 0 0 1 0 1 21 16 0 1 1 E E 1 3.09297019e+03 4.31400000e-02 1
0 0 0 1 0 1 21 19 0 1 1 E E 1 3.03418639e+03 4.31400000e-02 1
0 0 0 1 0 1 21 19 0 1 1 E E 2 3.03418777e+03 4.81400000e-02 1
0 0 0 1 0 1 21 2 0 1 1 E E 2 3.15047678e+03 5.31400000e-02 1
0 0 0 1 0 1 21 4 0 1 1 E E 2 3.20510618e+03 4.81400000e-02 1
0 0 0 1 0 1 22 11 0 1 1 E E 2 3.26171634e+03 4.81400000e-02 1
0 0 0 1 0 1 22 11 0 1 1 E E 1 3.26171547e+03 4.81400000e-02 1
0 0 0 1 0 1 22 13 0 1 1 E E 1 3.33358926e+03 4.81400000e-02 1
0 0 0 1 0 1 22 13 0 1 1 E E 2 3.33359166e+03 4.81400000e-02 2
0 0 0 1 0 1 22 2 0 1 1 E E 2 3.34135585e+03 5.81400000e-02 1
0 0 0 1 0 1 22 4 0 1 1 E E 2 3.40000463e+03 5.81400000e-02 1
0 0 0 1 0 1 22 7 0 1 1 E E 2 3.38806531e+03 5.31400000e-02 2
0 0 0 1 0 1 22 8 0 1 1 E E 1 3.29970383e+03 4.81400000e-02 1
0 0 0 1 0 1 24 22 0 1 1 E E 1 3.57956719e+03 5.81400000e-02 1
0 0 0 1 0 1 24 22 0 1 1 E E 2 3.57956851e+03 5.81400000e-02 1
0 1 0 0 0 0 23 18 0 0 0 A A 1 3.22603265e+03 4.81400000e-02 1
0 1 0 0 0 0 23 18 0 0 0 A A 2 3.22603403e+03 5.31400000e-02 1
0 1 0 0 0 0 23 6 0 0 0 A A 2 3.33695183e+03 5.31400000e-02 1
0 1 0 0 0 0 23 9 0 0 0 A A 2 3.32029457e+03 4.81400000e-02 1
0 1 0 0 0 0 23 9 0 0 0 A A 1 3.32029197e+03 4.81400000e-02 1
0 1 0 0 0 0 24 15 0 0 0 A A 1 3.46875655e+03 5.31400000e-02 1
0 1 0 0 0 0 24 15 0 0 0 A A 2 3.46875787e+03 5.31400000e-02 1
0 1 0 0 0 0 7 3 0 0 0 A A 1 1.22868873e+03 1.09400000e-02 3
